25150
25151
25152
25153
25154
25177
25178
25179
25180
25181
25186
25187
25188
25189
25190
25510
25511
25512
25513
25514
25519
25520
25521
25522
25523
25546
25547
25548
25549
25550
24700
24701
24702
24703
24704
24691
24692
24693
24694
24695
24709
24710
24711
24712
24713
24808
24809
24810
24811
24812
24889
24890
24891
24892
24893
24916
24917
24918
24919
24920
25231
25232
25233
25234
25235
25366
25367
25368
25369
25370
25375
25376
25377
25378
25379
24457
24458
24459
24460
24461
24412
24413
24414
24415
24416
24385
24386
24387
24388
24389
25159
25160
25161
25162
25163
25168
25169
25170
25171
25172
25195
25196
25197
25198
25199
25501
25502
25503
25504
25505
25528
25529
25530
25531
25532
25537
25538
25539
25540
25541
24664
24665
24666
24667
24668
24673
24674
24675
24676
24677
24682
24683
24684
24685
24686
24817
24818
24819
24820
24821
24880
24881
24882
24883
24884
24925
24926
24927
24928
24929
25240
25241
25242
25243
25244
25357
25358
25359
25360
25361
25384
25385
25386
25387
25388
24466
24467
24468
24469
24470
24403
24404
24405
24406
24407
24394
24395
24396
24397
24398
25087
25088
25089
25090
25091
25078
25079
25080
25081
25082
25069
25070
25071
25072
25073
25492
25493
25494
25495
25496
25483
25484
25485
25486
25487
25474
25475
25476
25477
25478
24655
24656
24657
24658
24659
24646
24647
24648
24649
24650
24637
24638
24639
24640
24641
24826
24827
24828
24829
24830
24871
24872
24873
24874
24875
24934
24935
24936
24937
24938
25249
25250
25251
25252
25253
25348
25349
25350
25351
25352
25393
25394
25395
25396
25397
24520
24521
24522
24523
24524
24475
24476
24477
24478
24479
24484
24485
24486
24487
24488
25042
25043
25044
25045
25046
25051
25052
25053
25054
25055
25060
25061
25062
25063
25064
25465
25466
25467
25468
25469
25456
25457
25458
25459
25460
25447
25448
25449
25450
25451
24619
24620
24621
24622
24623
24610
24611
24612
24613
24614
24628
24629
24630
24631
24632
24835
24836
24837
24838
24839
24862
24863
24864
24865
24866
24943
24944
24945
24946
24947
25258
25259
25260
25261
25262
25339
25340
25341
25342
25343
25402
25403
25404
25405
25406
24511
24512
24513
24514
24515
24502
24503
24504
24505
24506
24493
24494
24495
24496
24497
25033
25034
25035
25036
25037
25024
25025
25026
25027
25028
25015
25016
25017
25018
25019
25294
25295
25296
25297
25298
25303
25304
25305
25306
25307
25438
25439
25440
25441
25442
24601
24602
24603
24604
24605
24592
24593
24594
24595
24596
24583
24584
24585
24586
24587
24844
24845
24846
24847
24848
24853
24854
24855
24856
24857
24952
24953
24954
24955
24956
25267
25268
25269
25270
25271
25330
25331
25332
25333
25334
25411
25412
25413
25414
25415
24547
24548
24549
24550
24551
24538
24539
24540
24541
24542
24529
24530
24531
24532
24533
24988
24989
24990
24991
24992
24997
24998
24999
25000
25001
25006
25007
25008
25009
25010
25285
25286
25287
25288
25289
25312
25313
25314
25315
25316
25429
25430
25431
25432
25433
24556
24557
24558
24559
24560
24565
24566
24567
24568
24569
24574
24575
24576
24577
24578
24979
24980
24981
24982
24983
24970
24971
24972
24973
24974
24961
24962
24963
24964
24965
25276
25277
25278
25279
25280
25321
25322
25323
25324
25325
25420
25421
25422
25423
25424
24736
24737
24738
24739
24740
24727
24728
24729
24730
24731
24718
24719
24720
24721
24722
24799
24800
24801
24802
24803
24898
24899
24900
24901
24902
24907
24908
24909
24910
24911
25222
25223
25224
25225
25226
25213
25214
25215
25216
25217
25204
25205
25206
25207
25208
24448
24449
24450
24451
24452
24421
24422
24423
24424
24425
24367
24368
24369
24370
24371
24746
24749
24748
24747
24745
24755
24758
24757
24756
24754
24764
24767
24766
24765
24763
24440
24443
24442
24441
24439
24791
24794
24793
24792
24790
24431
24434
24433
24432
24430
24782
24785
24784
24783
24781
24377
24380
24379
24378
24376
24773
24776
24775
24774
24772
25142
25145
25144
25143
25141
25133
25136
25135
25134
25132
25124
25127
25126
25125
25123
25115
25118
25117
25116
25114
25097
25100
25099
25098
25096
25106
25109
25108
25107
25105
25574
25577
25576
25575
25573
25565
25568
25567
25566
25564
25556
25559
25558
25557
25555
