24372
24373
24374
24375
24381
24382
24383
24384
24390
24391
24392
24393
24399
24400
24401
24402
24408
24409
24410
24411
24417
24418
24419
24420
24426
24427
24428
24429
24435
24436
24437
24438
24444
24445
24446
24447
24453
24454
24455
24456
24462
24463
24464
24465
24471
24472
24473
24474
24480
24481
24482
24483
24489
24490
24491
24492
24498
24499
24500
24501
24507
24508
24509
24510
24516
24517
24518
24519
24525
24526
24527
24528
24534
24535
24536
24537
24543
24544
24545
24546
24552
24553
24554
24555
24561
24562
24563
24564
24570
24571
24572
24573
24579
24580
24581
24582
24588
24589
24590
24591
24597
24598
24599
24600
24606
24607
24608
24609
24615
24616
24617
24618
24624
24625
24626
24627
24633
24634
24635
24636
24642
24643
24644
24645
24651
24652
24653
24654
24660
24661
24662
24663
24669
24670
24671
24672
24678
24679
24680
24681
24687
24688
24689
24690
24696
24697
24698
24699
24705
24706
24707
24708
24714
24715
24716
24717
24723
24724
24725
24726
24732
24733
24734
24735
24741
24742
24743
24744
24750
24751
24752
24753
24759
24760
24761
24762
24768
24769
24770
24771
24777
24778
24779
24780
24786
24787
24788
24789
24795
24796
24797
24798
24804
24805
24806
24807
24813
24814
24815
24816
24822
24823
24824
24825
24831
24832
24833
24834
24840
24841
24842
24843
24849
24850
24851
24852
24858
24859
24860
24861
24867
24868
24869
24870
24876
24877
24878
24879
24885
24886
24887
24888
24894
24895
24896
24897
24903
24904
24905
24906
24912
24913
24914
24915
24921
24922
24923
24924
24930
24931
24932
24933
24939
24940
24941
24942
24948
24949
24950
24951
24957
24958
24959
24960
24966
24967
24968
24969
24975
24976
24977
24978
24984
24985
24986
24987
24993
24994
24995
24996
25002
25003
25004
25005
25011
25012
25013
25014
25020
25021
25022
25023
25029
25030
25031
25032
25038
25039
25040
25041
25047
25048
25049
25050
25056
25057
25058
25059
25065
25066
25067
25068
25074
25075
25076
25077
25083
25084
25085
25086
25092
25093
25094
25095
25101
25102
25103
25104
25110
25111
25112
25113
25119
25120
25121
25122
25128
25129
25130
25131
25137
25138
25139
25140
25146
25147
25148
25149
25155
25156
25157
25158
25164
25165
25166
25167
25173
25174
25175
25176
25182
25183
25184
25185
25191
25192
25193
25194
25200
25201
25202
25203
25209
25210
25211
25212
25218
25219
25220
25221
25227
25228
25229
25230
25236
25237
25238
25239
25245
25246
25247
25248
25254
25255
25256
25257
25263
25264
25265
25266
25272
25273
25274
25275
25281
25282
25283
25284
25290
25291
25292
25293
25299
25300
25301
25302
25308
25309
25310
25311
25317
25318
25319
25320
25326
25327
25328
25329
25335
25336
25337
25338
25344
25345
25346
25347
25353
25354
25355
25356
25362
25363
25364
25365
25371
25372
25373
25374
25380
25381
25382
25383
25389
25390
25391
25392
25398
25399
25400
25401
25407
25408
25409
25410
25416
25417
25418
25419
25425
25426
25427
25428
25434
25435
25436
25437
25443
25444
25445
25446
25452
25453
25454
25455
25461
25462
25463
25464
25470
25471
25472
25473
25479
25480
25481
25482
25488
25489
25490
25491
25497
25498
25499
25500
25506
25507
25508
25509
25515
25516
25517
25518
25524
25525
25526
25527
25533
25534
25535
25536
25542
25543
25544
25545
25551
25552
25553
25554
25560
25561
25562
25563
25569
25570
25571
25572
25578
25579
25580
25581
