24367
24368
24369
24370
24371
24376
24377
24378
24379
24380
24385
24386
24387
24388
24389
24394
24395
24396
24397
24398
24403
24404
24405
24406
24407
24412
24413
24414
24415
24416
24421
24422
24423
24424
24425
24430
24431
24432
24433
24434
24439
24440
24441
24442
24443
24448
24449
24450
24451
24452
24457
24458
24459
24460
24461
24466
24467
24468
24469
24470
24475
24476
24477
24478
24479
24484
24485
24486
24487
24488
24493
24494
24495
24496
24497
24502
24503
24504
24505
24506
24511
24512
24513
24514
24515
24520
24521
24522
24523
24524
24529
24530
24531
24532
24533
24538
24539
24540
24541
24542
24547
24548
24549
24550
24551
24556
24557
24558
24559
24560
24565
24566
24567
24568
24569
24574
24575
24576
24577
24578
24583
24584
24585
24586
24587
24592
24593
24594
24595
24596
24601
24602
24603
24604
24605
24610
24611
24612
24613
24614
24619
24620
24621
24622
24623
24628
24629
24630
24631
24632
24637
24638
24639
24640
24641
24646
24647
24648
24649
24650
24655
24656
24657
24658
24659
24664
24665
24666
24667
24668
24673
24674
24675
24676
24677
24682
24683
24684
24685
24686
24691
24692
24693
24694
24695
24700
24701
24702
24703
24704
24709
24710
24711
24712
24713
24718
24719
24720
24721
24722
24727
24728
24729
24730
24731
24736
24737
24738
24739
24740
24745
24746
24747
24748
24749
24754
24755
24756
24757
24758
24763
24764
24765
24766
24767
24772
24773
24774
24775
24776
24781
24782
24783
24784
24785
24790
24791
24792
24793
24794
24799
24800
24801
24802
24803
24808
24809
24810
24811
24812
24817
24818
24819
24820
24821
24826
24827
24828
24829
24830
24835
24836
24837
24838
24839
24844
24845
24846
24847
24848
24853
24854
24855
24856
24857
24862
24863
24864
24865
24866
24871
24872
24873
24874
24875
24880
24881
24882
24883
24884
24889
24890
24891
24892
24893
24898
24899
24900
24901
24902
24907
24908
24909
24910
24911
24916
24917
24918
24919
24920
24925
24926
24927
24928
24929
24934
24935
24936
24937
24938
24943
24944
24945
24946
24947
24952
24953
24954
24955
24956
24961
24962
24963
24964
24965
24970
24971
24972
24973
24974
24979
24980
24981
24982
24983
24988
24989
24990
24991
24992
24997
24998
24999
25000
25001
25006
25007
25008
25009
25010
25015
25016
25017
25018
25019
25024
25025
25026
25027
25028
25033
25034
25035
25036
25037
25042
25043
25044
25045
25046
25051
25052
25053
25054
25055
25060
25061
25062
25063
25064
25069
25070
25071
25072
25073
25078
25079
25080
25081
25082
25087
25088
25089
25090
25091
25096
25097
25098
25099
25100
25105
25106
25107
25108
25109
25114
25115
25116
25117
25118
25123
25124
25125
25126
25127
25132
25133
25134
25135
25136
25141
25142
25143
25144
25145
25150
25151
25152
25153
25154
25159
25160
25161
25162
25163
25168
25169
25170
25171
25172
25177
25178
25179
25180
25181
25186
25187
25188
25189
25190
25195
25196
25197
25198
25199
25204
25205
25206
25207
25208
25213
25214
25215
25216
25217
25222
25223
25224
25225
25226
25231
25232
25233
25234
25235
25240
25241
25242
25243
25244
25249
25250
25251
25252
25253
25258
25259
25260
25261
25262
25267
25268
25269
25270
25271
25276
25277
25278
25279
25280
25285
25286
25287
25288
25289
25294
25295
25296
25297
25298
25303
25304
25305
25306
25307
25312
25313
25314
25315
25316
25321
25322
25323
25324
25325
25330
25331
25332
25333
25334
25339
25340
25341
25342
25343
25348
25349
25350
25351
25352
25357
25358
25359
25360
25361
25366
25367
25368
25369
25370
25375
25376
25377
25378
25379
25384
25385
25386
25387
25388
25393
25394
25395
25396
25397
25402
25403
25404
25405
25406
25411
25412
25413
25414
25415
25420
25421
25422
25423
25424
25429
25430
25431
25432
25433
25438
25439
25440
25441
25442
25447
25448
25449
25450
25451
25456
25457
25458
25459
25460
25465
25466
25467
25468
25469
25474
25475
25476
25477
25478
25483
25484
25485
25486
25487
25492
25493
25494
25495
25496
25501
25502
25503
25504
25505
25510
25511
25512
25513
25514
25519
25520
25521
25522
25523
25528
25529
25530
25531
25532
25537
25538
25539
25540
25541
25546
25547
25548
25549
25550
25555
25556
25557
25558
25559
25564
25565
25566
25567
25568
25573
25574
25575
25576
25577
