55
84
103
105
177
180
253
292
322
328
376
472
568
593
605
608
688
744
966
1157
1238
1353
1391
1452
1470
1548
1616
1643
1700
1788
2002
2216
2260
2278
2284
2291
2355
2381
2387
2424
2436
2447
2543
2547
2587
2670
2697
2698
2724
2737
2769
2777
2800
3024
3065
3110
3143
3308
3372
3407
3553
3680
3698
3813
3830
3865
3902
4044
4104
4111
4114
4228
4240
4250
4258
4301
4332
4384
4425
4473
4575
4579
4600
4606
4655
4660
4667
4723
4762
4786
4816
4835
4956
5037
5059
5100
5141
5156
5261
5340
5341
5692
5693
5697
5705
5738
5745
5759
5801
5893
5915
5917
6057
6304
6336
6345
6384
6434
6629
6645
6712
6913
6987
7054
7098
7133
7175
7176
7183
7216
7330
7525
7570
7774
7806
7825
7929
8040
8068
8082
8153
8273
8291
8390
8482
8580
8644
8707
8714
8715
8802
8884
8901
8921
8922
8943
9012
9054
9126
9223
9274
9308
9319
9362
9390
9397
9444
9447
9448
9595
9655
9660
9681
9728
9786
9787
9833
9851
9917
9933
10049
10093
10101
10106
10139
10323
10374
10386
10406
10453
10538
10641
10924
11052
11139
11170
11225
11260
11323
11354
11394
11490
11565
11656
11702
11705
11817
11985
12077
12266
12329
12331
12367
12372
12446
12496
12700
12793
12856
12881
12890
12941
12951
12982
13067
13265
13297
13377
13387
13527
13578
13609
13648
13733
13824
13832
13906
13921
13927
14167
14242
14251
14263
14320
15058
15084
15119
15127
15128
15228
15303
15505
15519
15585
15850
15945
15956
16002
16147
16188
16277
16280
16383
16471
16700
16811
16818
16890
16932
17026
17027
17084
17104
17129
17150
17182
17235
17334
17377
17385
17422
17493
17508
17572
17610
17638
17911
18027
18119
18206
18263
18366
18380
18383
18588
18637
18728
18758
18830
18862
19082
19093
19101
19105
19111
19151
19184
19225
19355
19387
19431
19549
19613
19664
19688
19693
19832
19896
19975
20096
20239
20425
20434
20460
20501
20523
20599
20647
20730
20766
20785
20792
20991
21009
21061
21286
21369
21461
21475
21526
21632
21664
21667
21675
21729
21748
21785
21896
21904
21906
21933
22021
22206
22260
22349
22486
22571
22609
22648
22731
22942
22969
22987
23039
23060
23074
23084
23110
23127
23130
23138
23155
23233
23363
23513
23636
23811
23822
23909
24167
24195
24270
24330
