16064
16065
16066
16067
16068
16069
16070
16073
16074
16075
16076
16077
16078
16079
16080
16081
16082
16083
16085
16086
16087
16088
16091
16092
16093
16095
16096
16097
16098
16099
16100
16101
16102
16103
16104
16105
16115
16116
16117
16118
16119
16120
16121
16122
16123
16124
16125
16126
16127
16128
16129
16130
16131
16132
16133
16134
16135
16136
16137
16138
16139
16140
16141
16142
16143
16144
16145
16146
16147
16148
16149
16150
16152
16153
16154
16155
16156
16157
16158
16161
16162
16163
16164
16165
16166
16167
16168
16169
16170
16171
16173
16174
16175
16176
16179
16180
16181
16183
16184
16185
16186
16187
16188
16189
16190
16191
16192
16193
16203
16204
16205
16206
16207
16208
16209
16210
16211
16212
16213
16214
16215
16216
16217
16218
16219
16220
16221
16222
16223
16224
16225
16226
16227
16228
16229
16230
16231
16232
16233
16234
16235
16236
16237
16238
16240
16241
16242
16243
16244
16245
16246
16249
16250
16251
16252
16253
16254
16255
16256
16257
16258
16259
16261
16262
16263
16264
16267
16268
16269
16271
16272
16273
16274
16275
16276
16277
16278
16279
16280
16281
16291
16292
16293
16294
16295
16296
16297
16298
16299
16300
16301
16302
16303
16304
16305
16306
16307
16308
16309
16310
16311
16312
16313
16314
16315
16316
16317
16318
16319
16320
16321
16322
16323
16324
16325
16326
16328
16329
16330
16331
16332
16333
16334
16337
16338
16339
16340
16341
16342
16343
16344
16345
16346
16347
16349
16350
16351
16352
16355
16356
16357
16359
16360
16361
16362
16363
16364
16365
16366
16367
16368
16369
16379
16380
16381
16382
16383
16384
16385
16386
16387
16388
16389
16390
16391
16392
16393
16394
16395
16396
16397
16398
16399
16400
16401
16402
16403
16404
16405
16406
16407
16408
16409
16410
16411
16412
16413
16414
16416
16417
16418
16419
16420
16421
16422
16425
16426
16427
16428
16429
16430
16431
16432
16433
16434
16435
16437
16438
16439
16440
16443
16444
16445
16447
16448
16449
16450
16451
16452
16453
16454
16455
16456
16457
16467
16468
16469
16470
16471
16472
16473
16474
16475
16476
16477
16478
16479
16480
16481
16482
16483
16484
16485
16486
16487
16488
16489
16490
16491
16492
16493
16494
16495
16496
16497
16498
16499
16500
16501
16502
16504
16505
16506
16507
16508
16509
16510
16513
16514
16515
16516
16517
16518
16519
16520
16521
16522
16523
16525
16526
16527
16528
16531
16532
16533
16535
16536
16537
16538
16539
16540
16541
16542
16543
16544
16545
16555
16556
16557
16558
16559
16560
16561
16562
16563
16564
16565
16566
16567
16568
16569
16570
16571
16572
16573
16574
16575
16576
16577
16578
16579
16580
16581
16582
16583
16584
16585
16586
16587
16588
16589
16590
16592
16593
16594
16595
16596
16597
16598
16600
16601
16602
16603
16606
16607
16608
16609
16610
16611
16615
16616
16617
16618
16619
16620
16621
16624
16625
16626
16635
16636
16637
16638
16639
16640
16641
16642
16643
16644
16645
16646
16647
16649
16650
16651
16652
16653
16654
16655
16656
16657
16658
16659
16660
16661
16662
16663
16664
16665
16666
16669
16670
16671
16673
16674
16675
16676
16677
16678
16679
16682
16683
16684
16685
16686
16687
16688
16691
16692
16693
16694
16695
16696
16697
16707
16708
16709
16710
16711
16712
16713
16714
16715
16716
16717
16718
16719
16720
16721
16722
16723
16724
16725
16726
16727
16728
16729
16730
16731
16732
16733
16734
16735
16736
16737
16738
16741
16742
16743
16745
16746
16747
16748
16749
16750
16751
16754
16755
16756
16757
16758
16759
16760
16763
16764
16765
16766
16767
16768
16769
16779
16780
16781
16782
16783
16784
16785
16786
16787
16788
16789
16790
16791
16792
16793
16794
16795
16796
16797
16798
16799
16800
16801
16802
16803
16804
16805
16806
16807
16808
16809
16810
16813
16814
16815
16817
16818
16819
16820
16821
16822
16823
16826
16827
16828
16829
16830
16831
16832
16835
16836
16837
16838
16839
16840
16851
16852
16854
16855
16856
16857
16858
16859
16860
16861
16862
16863
16864
16865
16866
16867
16868
16869
16870
16871
16872
16873
16874
16875
16876
16877
16878
16879
16880
16881
16882
16885
16886
16887
16889
16890
16891
16892
16893
16894
16895
16898
16899
16900
16901
16902
16903
16904
16907
16908
16909
16910
16911
16912
16913
16923
16924
16925
16926
16927
16928
16929
16930
16931
16932
16933
16934
16935
16936
16937
16938
16939
16940
16941
16942
16943
16944
16945
16946
16947
16948
16949
16950
16951
16952
16953
16954
16957
16958
16959
16961
16962
16963
16964
16965
16966
16967
16970
16971
16972
16973
16974
16975
16976
16979
16980
16981
16982
16983
16984
16985
16995
16996
16997
16998
16999
17000
17001
17002
17003
17004
17005
17006
17007
17008
17009
17010
17011
17012
17013
17014
17015
17016
17017
17018
17019
17020
17021
17022
17024
17025
17026
17027
17028
17029
17030
17032
17033
17034
17035
17038
17039
17040
17041
17042
17043
17044
17047
17048
17049
17050
17051
17052
17056
17057
17058
17067
17068
17069
17070
17071
17072
17074
17075
17076
17077
17078
17079
17080
17081
17082
17083
17084
17085
17086
17087
17088
17089
17090
17091
17092
17093
17094
17095
17096
17097
17098
17101
17102
17103
17105
17106
17107
17108
17109
17110
17111
17114
17115
17116
17117
17118
17119
17120
17123
17124
17125
17126
17127
17128
17129
17139
17140
17141
17142
17143
17144
17145
17146
17147
17148
17149
17150
17151
17152
17153
17154
17155
17156
17157
17158
17159
17160
17161
17162
17163
17164
17165
17166
17173
17174
17175
17176
17177
17178
17179
17181
17182
17183
17184
17186
17187
17188
17189
17190
17191
17192
17193
17194
17195
17196
17197
17198
17199
17200
17201
17202
17205
17206
17207
17209
17210
17211
17212
17214
17215
17216
17218
17219
17220
17221
17223
17224
17225
17226
17227
17228
17229
17231
17232
17233
17234
17235
17236
17237
17240
17241
17242
17243
17244
17245
17246
17248
17249
17250
17251
17254
17255
17256
17257
17258
17259
17260
17263
17264
17265
17266
17267
17268
17269
17272
17273
17274
17283
17284
17285
17286
17287
17288
17289
17290
17291
17292
17293
17294
17295
17296
17297
17298
17299
17300
17301
17302
17303
17304
17305
17306
17307
17308
17309
17310
17312
17313
17314
17315
17316
17317
17318
17321
17322
17323
17324
17325
17326
17327
17330
17331
17332
17333
17334
17335
17336
17338
17339
17340
17341
17344
17345
17346
17355
17356
17357
17358
17359
17360
17361
17362
17363
17364
17365
17366
17367
17368
17369
17370
17371
17372
17373
17374
17375
17376
17377
17378
17379
17380
17381
17382
17384
17385
17386
17387
17388
17389
17390
17393
17394
17395
17396
17397
17398
17399
17402
17403
17404
17405
17406
17407
17408
17410
17411
17412
17413
17416
17417
17418
17427
17428
17429
17430
17431
17432
17433
17434
17435
17436
17437
17438
17439
17440
17441
17442
17443
17444
17445
17446
17447
17448
17449
17450
17451
17452
17453
17454
17456
17457
17458
17459
17460
17461
17462
17465
17466
17467
17468
17469
17470
17471
17474
17475
17476
17477
17478
17479
17480
17482
17483
17484
17485
17488
17489
17490
17499
17500
17501
17502
17503
17504
17505
17506
17507
17508
17509
17510
17511
17512
17513
17514
17515
17516
17517
17518
17519
17520
17521
17522
17523
17524
17525
17526
17528
17529
17530
17531
17532
17533
17534
17537
17538
17539
17540
17541
17542
17543
17546
17547
17548
17549
17550
17551
17552
17554
17555
17556
17557
17560
17561
17562
17571
17572
17573
17574
17575
17576
17577
17578
17579
17580
17581
17582
17583
17584
17585
17586
17587
17588
17589
17590
17591
17592
17593
17594
17595
17596
17597
17598
17600
17601
17602
17603
17604
17605
17606
17609
17610
17611
17612
17613
17614
17615
17618
17619
17620
17621
17622
17623
17624
17626
17627
17628
17629
17632
17633
17634
17643
17644
17645
17646
17647
17648
17649
17650
17651
17652
17653
17654
17655
17656
17657
17658
17659
17660
17661
17662
17663
17664
17665
17666
17667
17668
17669
17670
17679
17680
17681
17682
17683
17684
17685
17686
17687
17688
17689
17690
17691
17692
17693
17694
17695
17696
17697
17698
17699
17700
17701
17702
17703
17704
17705
17706
17707
17708
17709
17711
17712
17713
17714
17716
17717
17718
17720
17721
17722
17723
17725
17726
17727
17729
17730
17731
17732
17734
17735
17736
17738
17739
17740
17741
17744
17745
17746
17747
17748
17749
17750
17753
17754
17755
17756
17757
17758
17759
17762
17763
17764
17765
17766
17767
17768
17770
17771
17772
17773
17776
17777
17778
17787
17788
17789
17790
17791
17792
17793
17794
17795
17796
17797
17798
17799
17800
17801
17802
17803
17804
17805
17806
17807
17808
17809
17810
17811
17812
17813
17814
17816
17817
17818
17819
17820
17821
17822
17825
17826
17827
17828
17829
17830
17831
17834
17835
17836
17837
17838
17839
17840
17842
17843
17844
17845
17848
17849
17850
17859
17860
17861
17862
17863
17864
17865
17866
17867
17868
17869
17870
17871
17872
17873
17874
17875
17876
17877
17878
17879
17880
17881
17882
17883
17884
17885
17886
17888
17889
17890
17891
17892
17893
17894
17896
17897
17898
17899
17902
17903
17904
17905
17906
17907
17908
17911
17912
17913
17914
17915
17916
17917
17920
17921
17922
17931
17932
17933
17934
17935
17936
17937
17938
17939
17940
17941
17942
17943
17944
17945
17946
17947
17948
17949
17950
17951
17952
17953
17954
17955
17956
17957
17958
17959
17960
17961
17962
17965
17966
17967
17969
17970
17971
17972
17973
17974
17975
17978
17979
17980
17981
17982
17983
17984
17987
17988
17989
17990
17991
17992
17993
18003
18004
18005
18006
18007
18008
18009
18010
18011
18012
18013
18014
18015
18016
18017
18018
18019
18020
18021
18022
18023
18024
18025
18026
18027
18028
18029
18030
18031
18032
18033
18034
18037
18038
18039
18041
18042
18043
18044
18045
18046
18047
18050
18051
18052
18053
18054
18055
18056
18059
18060
18061
18062
18063
18064
18065
18075
18076
18077
18078
18079
18080
18081
18082
18083
18084
18085
18086
18087
18088
18089
18090
18091
18092
18093
18094
18095
18096
18097
18098
18099
18100
18101
18102
18103
18104
18105
18106
18109
18110
18111
18113
18114
18115
18116
18117
18118
18119
18122
18123
18124
18125
18126
18127
18128
18131
18132
18133
18134
18135
18136
18137
18147
18148
18149
18150
18151
18152
18153
18154
18155
18156
18157
18158
18159
18160
18161
18162
18163
18164
18165
18166
18167
18168
18169
18170
18171
18172
18173
18174
18175
18176
18177
18178
18181
18182
18183
18185
18186
18187
18188
18189
18190
18191
18194
18195
18196
18197
18198
18199
18200
18203
18204
18205
18206
18207
18208
18209
18219
18220
18221
18222
18223
18224
18225
18226
18227
18228
18229
18230
18231
18232
18233
18234
18235
18236
18237
18238
18239
18240
18241
18242
18243
18244
18245
18246
18247
18248
18249
18250
18253
18254
18255
18257
18258
18259
18260
18261
18262
18263
18266
18267
18268
18269
18270
18271
18272
18275
18276
18277
18278
18279
18280
18281
18291
18292
18293
18294
18295
18296
18297
18298
18299
18300
18301
18302
18303
18304
18305
18306
18307
18308
18309
18310
18311
18312
18313
18314
18315
18316
18317
18318
18320
18321
18322
18323
18324
18325
18326
18329
18330
18331
18332
18333
18334
18335
18338
18339
18340
18341
18342
18343
18344
18346
18347
18348
18349
18352
18353
18354
18363
18364
18365
18366
18367
18368
18369
18370
18371
18372
18373
18374
18375
18376
18377
18378
18379
18380
18381
18382
18383
18384
18385
18386
18387
18388
18389
18390
18391
18392
18393
18394
18397
18398
18399
18401
18402
18403
18404
18405
18406
18407
18410
18411
18412
18413
18414
18415
18416
18419
18420
18421
18422
18423
18424
18425
18435
18436
18437
18438
18439
18440
18441
18442
18443
18444
18445
18446
18447
18448
18449
18450
18451
18452
18453
18454
18455
18456
18457
18458
18459
18460
18461
18462
18471
18472
18473
18474
18475
18476
18477
18478
18479
18480
18481
18482
18483
18484
18485
18486
18487
18488
18489
18490
18491
18492
18493
18494
18495
18496
18497
18498
18499
18500
18501
18503
18504
18505
18506
18508
18509
18510
18512
18513
18514
18515
18517
18518
18519
18521
18522
18523
18524
18526
18527
18528
18530
18531
18532
18533
18536
18537
18538
18539
18540
18541
18542
18544
18545
18546
18547
18550
18551
18552
18553
18554
18555
18556
18559
18560
18561
18562
18563
18564
18565
18568
18569
18570
18579
18580
18581
18582
18583
18584
18585
18586
18587
18588
18589
18590
18591
18592
18593
18594
18595
18596
18597
18598
18599
18600
18601
18602
18603
18604
18605
18606
18608
18609
18610
18611
18612
18613
18614
18617
18618
18619
18620
18621
18622
18623
18625
18626
18627
18628
18631
18632
18633
18635
18636
18637
18638
18639
18640
18641
18651
18652
18653
18654
18655
18656
18657
18658
18659
18660
18661
18662
18663
18664
18665
18666
18667
18668
18669
18670
18671
18672
18673
18674
18675
18676
18677
18678
18680
18681
18682
18683
18684
18685
18686
18689
18690
18691
18692
18693
18694
18695
18697
18698
18699
18700
18703
18704
18705
18707
18708
18709
18710
18711
18712
18713
18723
18724
18725
18726
18727
18728
18729
18730
18731
18732
18733
18734
18735
18736
18737
18738
18739
18740
18741
18742
18743
18744
18745
18746
18747
18748
18749
18750
18752
18753
18754
18755
18756
18757
18758
18761
18762
18763
18764
18765
18766
18767
18769
18770
18771
18772
18775
18776
18777
18779
18780
18781
18782
18783
18784
18785
18795
18796
18797
18798
18799
18800
18801
18802
18803
18804
18805
18806
18807
18808
18809
18810
18811
18812
18813
18814
18815
18816
18817
18818
18819
18820
18821
18822
18824
18825
18826
18827
18828
18829
18830
18833
18834
18835
18836
18837
18838
18839
18841
18842
18843
18844
18847
18848
18849
18851
18852
18853
18854
18855
18856
18857
18867
18868
18869
18870
18871
18872
18873
18874
18875
18876
18877
18878
18879
18880
18881
18882
18883
18884
18885
18886
18887
18888
18889
18890
18891
18892
18893
18894
18896
18897
18898
18899
18900
18901
18902
18905
18906
18907
18908
18909
18910
18911
18913
18914
18915
18916
18919
18920
18921
18923
18924
18925
18926
18927
18928
18929
18939
18940
18941
18942
18943
18944
18945
18946
18947
18948
18949
18950
18951
18952
18953
18954
18955
18956
18957
18958
18959
18960
18961
18962
18963
18964
18965
18966
18974
18975
18976
18977
18978
18979
18980
18981
18982
18983
18984
18985
18986
18987
18988
18989
18990
18991
18992
18993
18994
18995
18996
18997
18998
19000
19001
19002
19005
19006
19007
19008
19009
19010
19011
19013
19014
19015
19017
19018
19019
19020
19022
19023
19024
19026
19027
19028
19029
19031
19032
19033
19035
19036
19037
19038
19040
19041
19042
19043
19044
19045
19046
19049
19050
19051
19052
19053
19054
19055
19057
19058
19059
19060
19063
19064
19065
19067
19068
19069
19070
19071
19072
19073
19083
19084
19085
19086
19087
19088
19089
19090
19091
19092
19093
19094
19095
19096
19097
19098
19099
19100
19101
19102
19103
19104
19105
19106
19107
19108
19109
19110
19112
19113
19114
19115
19116
19117
19118
19121
19122
19123
19124
19125
19126
19127
19129
19130
19131
19132
19135
19136
19137
19139
19140
19141
19142
19143
19144
19145
19155
19156
19157
19158
19159
19160
19161
19162
19163
19164
19165
19166
19167
19168
19169
19170
19171
19172
19173
19174
19175
19176
19177
19178
19179
19180
19181
19182
19184
19185
19186
19187
19188
19189
19190
19192
19193
19194
19195
19198
19199
19200
19201
19202
19203
19204
19207
19208
19209
19210
19211
19212
19213
19216
19217
19218
19227
19228
19229
19230
19231
19232
19233
19234
19235
19236
19237
19238
19239
19240
19241
19242
19243
19244
19245
19246
19247
19248
19249
19250
19251
19252
19253
19254
19255
19256
19257
19258
19261
19262
19263
19265
19266
19267
19268
19269
19270
19271
19274
19275
19276
19277
19278
19279
19280
19283
19284
19285
19286
19287
19288
19289
19299
19300
19301
19302
19303
19304
19305
19306
19307
19308
19309
19310
19311
19312
19313
19314
19315
19316
19317
19318
19319
19320
19321
19322
19323
19324
19325
19326
19327
19328
19329
19330
19333
19334
19335
19337
19338
19339
19340
19341
19342
19343
19346
19347
19348
19349
19350
19351
19352
19355
19356
19357
19358
19359
19360
19361
19371
19372
19373
19374
19375
19376
19377
19378
19379
19380
19381
19382
19383
19384
19385
19386
19387
19388
19389
19390
19391
19392
19393
19394
19395
19396
19397
19398
19399
19400
19401
19402
19405
19406
19407
19409
19410
19411
19412
19413
19414
19415
19418
19419
19420
19421
19422
19423
19424
19427
19428
19429
19430
19431
19432
19433
19443
19444
19445
19446
19447
19448
19449
19450
19451
19452
19453
19454
19455
19456
19457
19458
19459
19460
19461
19462
19463
19464
19465
19466
19467
19468
19469
19470
19471
19472
19473
19474
19477
19478
19479
19481
19482
19483
19484
19485
19486
19487
19490
19491
19492
19493
19494
19495
19496
19499
19500
19501
19502
19503
19504
19505
19515
19516
19517
19518
19519
19520
19521
19522
19523
19524
19525
19526
19527
19528
19529
19530
19531
19532
19533
19534
19535
19536
19537
19538
19539
19540
19541
19542
19543
19544
19545
19546
19549
19550
19551
19553
19554
19555
19556
19557
19558
19559
19562
19563
19564
19565
19566
19567
19568
19571
19572
19573
19574
19575
19576
19577
19587
19588
19589
19590
19591
19592
19593
19594
19595
19596
19597
19598
19599
19600
19601
19602
19603
19604
19605
19606
19607
19608
19609
19610
19611
19612
19613
19614
19616
19617
19618
19619
19620
19621
19622
19625
19626
19627
19628
19629
19630
19631
19634
19635
19636
19637
19638
19639
19640
19642
19643
19644
19645
19648
19649
19650
19659
19660
19661
19662
19663
19664
19665
19666
19667
19668
19669
19670
19671
19672
19673
19674
19675
19676
19677
19678
19679
19680
19681
19682
19683
19684
19685
19686
19687
19688
19689
19690
19693
19694
19695
19697
19698
19699
19700
19701
19702
19703
19706
19707
19708
19709
19710
19711
19712
19715
19716
19717
19718
19719
19720
19721
19731
19732
19733
19734
19735
19736
19737
19738
19739
19740
19741
19742
19743
19744
19745
19746
19747
19748
19749
19750
19751
19752
19753
19754
19755
19756
19757
19758
19760
19761
19762
19763
19764
19765
19766
19768
19769
19770
19771
19774
19775
19776
19777
19778
19779
19780
19783
19784
19785
19786
19787
19788
19789
19792
19793
19794
19803
19804
19805
19806
19807
19808
19809
19810
19811
19812
19813
19814
19815
19816
19817
19818
19819
19820
19821
19822
19823
19824
19825
19826
19827
19828
19829
19830
19832
19833
19834
19835
19836
19837
19838
19840
19841
19842
19843
19846
19847
19848
19849
19850
19851
19852
19855
19856
19857
19858
19859
19860
19861
19864
19865
19866
19875
19876
19877
19878
19879
19880
19881
19882
19883
19884
19885
19886
19887
19888
19889
19890
19891
19892
19893
19894
19895
19896
19897
19898
19899
19900
19901
19902
19904
19905
19906
19907
19908
19909
19910
19913
19914
19915
19916
19917
19918
19919
19921
19922
19923
19924
19927
19928
19929
19931
19932
19933
19934
19935
19936
19937
19947
19948
19949
19950
19951
19952
19953
19954
19955
19956
19957
19958
19959
19960
19961
19962
19963
19964
19965
19966
19967
19968
19969
19970
19971
19972
19973
19974
19976
19977
19978
19979
19980
19981
19982
19985
19986
19987
19988
19989
19990
19991
19993
19994
19995
19996
19999
20000
20001
20003
20004
20005
20006
20007
20008
20009
20019
20020
20021
20022
20023
20024
20025
20026
20027
20028
20029
20030
20031
20032
20033
20034
20035
20036
20037
20038
20039
20040
20041
20042
20043
20044
20045
20046
20048
20049
20050
20051
20052
20053
20054
20057
20058
20059
20060
20061
20062
20063
20065
20066
20067
20068
20071
20072
20073
20075
20076
20077
20078
20079
20080
20081
20091
20092
20093
20094
20095
20096
20097
20098
20099
20100
20101
20102
20103
20104
20105
20106
20107
20108
20109
20110
20111
20112
20113
20114
20115
20116
20117
20118
20120
20121
20122
20123
20124
20125
20126
20129
20130
20131
20132
20133
20134
20135
20137
20138
20139
20140
20143
20144
20145
20147
20148
20149
20150
20151
20152
20153
20163
20164
20165
20166
20167
20168
20169
20170
20171
20172
20173
20174
20175
20176
20177
20178
20179
20180
20181
20182
20183
20184
20185
20186
20187
20188
20189
20190
20192
20193
20194
20195
20196
20197
20198
20201
20202
20203
20204
20205
20206
20207
20209
20210
20211
20212
20215
20216
20217
20219
20220
20221
20222
20223
20224
20225
20235
20236
20237
20238
20239
20240
20241
20242
20243
20244
20245
20246
20247
20248
20249
20250
20251
20252
20253
20254
20255
20256
20257
20258
20259
20260
20261
20262
20267
20268
20269
20270
20271
20272
20273
20275
20276
20277
20278
20279
20280
20281
20284
20285
20286
20287
20288
20289
20290
20291
20292
20293
20294
20296
20297
20298
20303
20304
20305
20307
20308
20309
20310
20311
20312
20313
20315
20316
20317
20318
20319
20320
20321
20322
20323
20324
20325
20327
20328
20329
20330
20331
20332
20333
20336
20337
20338
20339
20340
20341
20342
20345
20346
20347
20348
20349
20350
20351
20353
20354
20355
20356
20359
20360
20361
20363
20364
20365
20366
20367
20368
20369
20379
20380
20381
20382
20383
20384
20385
20386
20387
20388
20389
20390
20391
20392
20393
20394
20395
20396
20397
20398
20399
20400
20401
20402
20403
20404
20405
20406
20408
20409
20410
20411
20412
20413
20414
20417
20418
20419
20420
20421
20422
20423
20425
20426
20427
20428
20431
20432
20433
20435
20436
20437
20438
20439
20440
20441
20451
20452
20453
20454
20455
20456
20457
20458
20459
20460
20461
20462
20463
20464
20465
20466
20467
20468
20469
20470
20471
20472
20473
20474
20475
20476
20477
20478
20480
20481
20482
20483
20484
20485
20486
20488
20489
20490
20491
20494
20495
20496
20497
20498
20499
20500
20503
20504
20505
20506
20507
20508
20509
20512
20513
20514
20523
20524
20525
20526
20527
20528
20529
20530
20531
20532
20533
20534
20535
20536
20537
20538
20539
20540
20541
20542
20543
20544
20545
20546
20547
20548
20549
20550
20552
20553
20554
20555
20556
20557
20558
20561
20562
20563
20564
20565
20566
20567
20569
20570
20571
20572
20575
20576
20577
20579
20580
20581
20582
20583
20584
20585
20595
20596
20597
20598
20599
20600
20601
20602
20603
20604
20605
20606
20607
20608
20609
20610
20611
20612
20613
20614
20615
20616
20617
20618
20619
20620
20621
20622
20624
20625
20626
20627
20628
20629
20630
20633
20634
20635
20636
20637
20638
20639
20641
20642
20643
20644
20647
20648
20649
20651
20652
20653
20654
20655
20656
20657
20667
20668
20669
20670
20671
20672
20673
20674
20675
20676
20677
20678
20679
20680
20681
20682
20683
20684
20685
20686
20687
20688
20689
20690
20691
20692
20693
20694
20696
20697
20698
20699
20700
20701
20702
20705
20706
20707
20708
20709
20710
20711
20713
20714
20715
20716
20719
20720
20721
20723
20724
20725
20726
20727
20728
20729
20739
20740
20741
20742
20743
20744
20745
20746
20747
20748
20749
20750
20751
20752
20753
20754
20755
20756
20757
20758
20759
20760
20761
20762
20763
20764
20765
20766
20768
20769
20770
20771
20772
20773
20774
20777
20778
20779
20780
20781
20782
20783
20785
20786
20787
20788
20791
20792
20793
20795
20796
20797
20798
20799
20800
20801
20811
20812
20813
20814
20815
20816
20817
20818
20819
20820
20821
20822
20823
20824
20825
20826
20827
20828
20829
20830
20831
20832
20833
20834
20835
20836
20837
20838
20840
20841
20842
20843
20844
20845
20846
20849
20850
20851
20852
20853
20854
20855
20857
20858
20859
20860
20863
20864
20865
20867
20868
20869
20870
20871
20872
20873
20883
20884
20885
20886
20887
20888
20889
20890
20891
20892
20893
20894
20895
20896
20897
20898
20899
20900
20901
20902
20903
20904
20905
20906
20907
20908
20909
20910
20912
20913
20914
20915
20917
20918
20919
20920
20921
20922
20923
20926
20927
20928
20929
20930
20931
20932
20934
20935
20936
20937
20940
20941
20942
20944
20945
20946
20951
20952
20953
20954
20959
20960
20961
20962
20963
20964
20965
20966
20967
20968
20969
20970
20971
20972
20973
20974
20975
20976
20977
20978
20979
20980
20981
20982
20984
20985
20986
20987
20988
20989
20990
20993
20994
20995
20996
20997
20998
20999
21001
21002
21003
21004
21007
21008
21009
21011
21012
21013
21014
21015
21016
21017
21027
21028
21029
21030
21031
21032
21033
21034
21035
21036
21037
21038
21039
21040
21041
21042
21043
21044
21045
21046
21047
21048
21049
21050
21051
21052
21053
21054
21056
21057
21058
21059
21060
21061
21062
21065
21066
21067
21068
21069
21070
21071
21073
21074
21075
21076
21079
21080
21081
21083
21084
21085
21086
21087
21088
21089
21099
21100
21101
21102
21103
21104
21105
21106
21107
21108
21109
21110
21111
21112
21113
21114
21115
21116
21117
21118
21119
21120
21121
21122
21123
21124
21125
21126
21128
21129
21130
21131
21132
21133
21134
21136
21137
21138
21139
21142
21143
21144
21145
21146
21147
21148
21151
21152
21153
21154
21155
21156
21157
21160
21161
21162
21171
21172
21173
21174
21175
21176
21177
21178
21179
21180
21181
21182
21183
21184
21185
21186
21187
21188
21189
21190
21191
21192
21193
21194
21195
21196
21197
21198
21200
21201
21202
21203
21204
21205
21206
21209
21210
21211
21212
21213
21214
21215
21217
21218
21219
21220
21223
21224
21225
21227
21228
21229
21230
21231
21232
21233
21243
21244
21245
21246
21247
21248
21249
21250
21251
21252
21253
21254
21255
21256
21257
21258
21259
21260
21261
21262
21263
21264
21265
21266
21267
21268
21269
21270
21272
21273
21274
21275
21276
21277
21278
21281
21282
21283
21284
21285
21286
21287
21289
21290
21291
21292
21295
21296
21297
21299
21300
21301
21302
21303
21304
21305
21315
21316
21317
21318
21319
21320
21321
21322
21323
21324
21325
21326
21327
21328
21329
21330
21331
21332
21333
21334
21335
21336
21337
21338
21339
21340
21341
21342
21344
21345
21346
21347
21348
21349
21350
21353
21354
21355
21356
21357
21358
21359
21361
21362
21363
21364
21367
21368
21369
21371
21372
21373
21374
21375
21376
21377
21387
21388
21389
21390
21391
21392
21393
21394
21395
21396
21397
21398
21399
21400
21401
21402
21403
21404
21405
21406
21407
21408
21409
21410
21411
21412
21413
21414
21416
21417
21418
21419
21420
21421
21422
21425
21426
21427
21428
21429
21430
21431
21433
21434
21435
21436
21439
21440
21441
21443
21444
21445
21446
21447
21448
21449
21459
21460
21461
21462
21463
21464
21465
21466
21467
21468
21469
21470
21471
21472
21473
21474
21475
21476
21477
21478
21479
21480
21481
21482
21483
21484
21485
21486
21488
21489
21490
21491
21492
21493
21494
21497
21498
21499
21500
21501
21502
21503
21505
21506
21507
21508
21511
21512
21513
21515
21516
21517
21518
21519
21520
21521
21531
21532
21533
21534
21535
21536
21537
21538
21539
21540
21541
21542
21543
21544
21545
21546
21547
21548
21549
21550
21551
21552
21553
21554
21555
21556
21557
21558
21562
21563
21564
21565
21566
21567
21568
21570
21571
21572
21573
21574
21575
21576
21579
21580
21581
21582
21583
21584
21585
21586
21587
21588
21589
21592
21593
21594
21601
21602
21603
21604
21605
21606
21607
21608
21609
21610
21612
21613
21614
21615
21616
21617
21618
21619
21620
21621
21622
21624
21625
21626
21627
21628
21629
21630
21632
21633
21634
21635
21636
21637
21638
21641
21642
21643
21644
21645
21646
21647
21649
21650
21651
21652
21655
21656
21657
21659
21660
21661
21662
21663
21664
21665
21675
21676
21677
21678
21679
21680
21681
21682
21683
21684
21685
21686
21687
21688
21689
21690
21691
21692
21693
21694
21695
21696
21697
21698
21699
21700
21701
21702
21704
21705
21706
21707
21708
21709
21710
21713
21714
21715
21716
21717
21718
21719
21721
21722
21723
21724
21727
21728
21729
21731
21732
21733
21734
21735
21736
21737
21747
21748
21749
21750
21751
21752
21753
21754
21755
21756
21757
21758
21759
21760
21761
21762
21763
21764
21765
21766
21767
21768
21769
21770
21771
21772
21773
21774
21776
21777
21778
21779
21780
21781
21782
21784
21785
21786
21787
21790
21791
21792
21793
21794
21795
21796
21799
21800
21801
21802
21803
21804
21805
21808
21809
21810
21819
21820
21821
21822
21823
21824
21825
21826
21827
21828
21829
21830
21831
21832
21833
21834
21835
21836
21837
21838
21839
21840
21841
21842
21843
21844
21845
21846
21848
21849
21850
21851
21852
21853
21854
21857
21858
21859
21860
21861
21862
21863
21865
21866
21867
21868
21871
21872
21873
21875
21876
21877
21878
21879
21880
21881
21891
21892
21893
21894
21895
21896
21897
21898
21899
21900
21901
21902
21903
21904
21905
21906
21907
21908
21909
21910
21911
21912
21913
21914
21915
21916
21917
21918
21920
21921
21922
21923
21924
21925
21926
21929
21930
21931
21932
21933
21934
21935
21937
21938
21939
21940
21943
21944
21945
21947
21948
21949
21950
21951
21952
21953
21963
21964
21965
21966
21967
21968
21969
21970
21971
21972
21973
21974
21975
21976
21977
21978
21979
21980
21981
21982
21983
21984
21985
21986
21987
21988
21989
21990
21992
21993
21994
21995
21996
21997
21998
22001
22002
22003
22004
22005
22006
22007
22009
22010
22011
22012
22015
22016
22017
22019
22020
22021
22022
22023
22024
22025
22035
22036
22037
22038
22039
22040
22041
22042
22043
22044
22045
22046
22047
22048
22049
22050
22051
22052
22053
22054
22055
22056
22057
22058
22059
22060
22061
22062
22064
22065
22066
22067
22068
22069
22070
22073
22074
22075
22076
22077
22078
22079
22081
22082
22083
22084
22087
22088
22089
22091
22092
22093
22094
22095
22096
22097
22107
22108
22109
22110
22111
22112
22113
22114
22115
22116
22117
22118
22119
22120
22121
22122
22123
22124
22125
22126
22127
22128
22129
22130
22131
22132
22133
22134
22136
22137
22138
22139
22140
22141
22142
22145
22146
22147
22148
22149
22150
22151
22153
22154
22155
22156
22159
22160
22161
22163
22164
22165
22166
22167
22168
22169
22179
22180
22181
22182
22183
22184
22185
22186
22187
22188
22189
22190
22191
22192
22193
22194
22195
22196
22197
22198
22199
22200
22201
22202
22203
22204
22205
22206
22208
22209
22210
22211
22212
22213
22214
22217
22218
22219
22220
22221
22222
22223
22226
22227
22228
22229
22230
22231
22232
22234
22235
22236
22237
22240
22241
22242
22251
22252
22253
22254
22255
22256
22257
22258
22259
22260
22261
22262
22263
22264
22265
22266
22267
22268
22269
22270
22271
22272
22273
22274
22275
22276
22277
22278
22280
22281
22282
22283
22284
22285
22286
22289
22290
22291
22292
22293
22294
22295
22297
22298
22299
22300
22303
22304
22305
22307
22308
22309
22310
22311
22312
22313
22323
22324
22325
22326
22327
22328
22329
22330
22331
22332
22333
22334
22335
22336
22337
22338
22339
22340
22341
22342
22343
22344
22345
22346
22347
22348
22349
22350
22352
22353
22354
22355
22356
22357
22358
22361
22362
22363
22364
22365
22366
22367
22369
22370
22371
22372
22375
22376
22377
22379
22380
22381
22382
22383
22384
22385
22395
22396
22397
22398
22399
22400
22401
22402
22403
22404
22405
22406
22407
22408
22409
22410
22411
22412
22413
22414
22415
22416
22417
22418
22419
22420
22421
22422
22424
22425
22426
22427
22428
22429
22430
22432
22433
22434
22435
22438
22439
22440
22441
22442
22443
22444
22447
22448
22449
22450
22451
22452
22453
22456
22457
22458
22467
22468
22469
22470
22471
22472
22473
22474
22475
22476
22477
22478
22479
22480
22481
22482
22483
22484
22485
22486
22487
22488
22489
22490
22491
22492
22493
22494
22496
22497
22498
22499
22500
22501
22502
22505
22506
22507
22508
22509
22510
22511
22513
22514
22515
22516
22519
22520
22521
22523
22524
22525
22526
22527
22528
22529
22539
22540
22541
22542
22543
22544
22545
22546
22547
22548
22549
22550
22551
22552
22553
22554
22555
22556
22557
22558
22559
22560
22561
22562
22563
22564
22565
22566
22568
22569
22570
22571
22572
22573
22574
22577
22578
22579
22580
22581
22582
22583
22585
22586
22587
22588
22591
22592
22593
22595
22596
22597
22598
22599
22600
22601
22611
22612
22613
22614
22615
22616
22617
22618
22619
22620
22621
22622
22623
22624
22625
22626
22627
22628
22629
22630
22631
22632
22633
22634
22635
22636
22637
22638
22639
22640
22641
22642
22645
22646
22647
22651
22652
22653
22654
22655
22656
22657
22659
22660
22661
22662
22663
22664
22665
22667
22668
22669
22670
22672
22673
22674
22679
22680
22681
22682
22683
22684
22685
22687
22688
22689
22690
22691
22692
22693
22695
22696
22697
22698
22699
22700
22701
22704
22705
22706
22707
22708
22709
22710
22712
22713
22714
22715
22716
22717
22718
22721
22722
22723
22724
22725
22726
22727
22729
22730
22731
22732
22735
22736
22737
22739
22740
22741
22742
22743
22744
22745
22755
22756
22757
22758
22759
22760
22761
22762
22763
22764
22765
22766
22767
22768
22769
22770
22771
22772
22773
22774
22775
22776
22777
22778
22779
22780
22781
22782
22783
22784
22785
22786
22789
22790
22791
22795
22796
22797
22798
22799
22800
22801
22803
22804
22805
22806
22807
22808
22809
22811
22812
22813
22814
22816
22817
22818
22823
22824
22825
22826
22827
22828
22829
22831
22832
22833
22834
22835
22836
22837
22839
22840
22841
22842
22843
22844
22845
22848
22849
22850
22851
22852
22853
22854
22855
22856
22857
22858
22861
22862
22863
22865
22866
22867
22868
22869
22870
22871
22873
22874
22875
22876
22879
22880
22881
22882
22883
22884
22885
22888
22889
22890
22899
22900
22901
22902
22903
22904
22905
22906
22907
22908
22909
22910
22911
22912
22913
22914
22915
22916
22917
22918
22919
22920
22921
22922
22923
22924
22925
22926
22928
22929
22930
22931
22932
22933
22934
22937
22938
22939
22940
22941
22942
22943
22945
22946
22947
22948
22951
22952
22953
22955
22956
22957
22958
22959
22960
22961
22971
22972
22973
22974
22975
22976
22977
22978
22979
22980
22981
22982
22983
22984
22985
22986
22987
22988
22989
22990
22991
22992
22993
22994
22995
22996
22997
22998
23000
23001
23002
23003
23004
23005
23006
23009
23010
23011
23012
23013
23014
23015
23017
23018
23019
23020
23023
23024
23025
23027
23028
23029
23030
23031
23032
23033
23043
23044
23045
23046
23047
23048
23049
23050
23051
23052
23053
23054
23055
23056
23057
23058
23059
23060
23061
23062
23063
23064
23065
23066
23067
23068
23069
23070
23072
23073
23074
23075
23076
23077
23078
23080
23081
23082
23083
23086
23087
23088
23089
23090
23091
23092
23095
23096
23097
23098
23099
23100
23101
23104
23105
23106
23115
23116
23117
23118
23119
23120
23121
23122
23123
23124
23125
23126
23127
23128
23129
23130
23131
23132
23133
23134
23135
23136
23137
23138
23139
23140
23141
23142
23144
23145
23146
23147
23148
23149
23150
23153
23154
23155
23156
23157
23158
23159
23161
23162
23163
23164
23167
23168
23169
23171
23172
23173
23174
23176
23177
23178
23181
23182
23183
23184
23191
23192
23193
23194
23195
23196
23197
23198
23199
23200
23201
23202
23203
23204
23205
23206
23207
23208
23209
23210
23211
23212
23213
23214
23216
23217
23218
23219
23220
23221
23222
23225
23226
23227
23228
23229
23230
23231
23233
23234
23235
23236
23239
23240
23241
23243
23244
23245
23246
23248
23249
23250
23253
23254
23255
23256
23263
23264
23265
23266
23267
23268
23269
23270
23271
23272
23273
23274
23275
23276
23277
23278
23279
23280
23281
23282
23283
23284
23285
23286
23288
23289
23290
23291
23292
23293
23294
23297
23298
23299
23300
23301
23302
23303
23305
23306
23307
23308
23311
23312
23313
23315
23316
23317
23318
23319
23320
23321
23331
23332
23333
23334
23335
23336
23337
23338
23339
23340
23341
23342
23343
23344
23345
23346
23347
23348
23349
23350
23351
23352
23353
23354
23355
23356
23357
23358
23360
23361
23362
23363
23364
23365
23366
23369
23370
23371
23372
23373
23374
23375
23377
23378
23379
23380
23383
23384
23385
23387
23388
23389
23390
23391
23392
23393
23403
23404
23405
23406
23407
23408
23409
23410
23411
23412
23413
23414
23415
23416
23417
23418
23419
23420
23421
23422
23423
23424
23425
23426
23427
23428
23429
23430
23432
23433
23434
23435
23436
23437
23438
23441
23442
23443
23444
23445
23446
23447
23449
23450
23451
23452
23455
23456
23457
23459
23460
23461
23462
23463
23464
23465
23475
23476
23477
23478
23479
23480
23481
23482
23483
23484
23485
23486
23487
23488
23489
23490
23491
23492
23493
23494
23495
23496
23497
23498
23499
23500
23501
23502
23504
23505
23506
23507
23508
23509
23510
23513
23514
23515
23516
23517
23518
23519
23522
23523
23524
23525
23526
23527
23528
23530
23531
23532
23533
23536
23537
23538
23547
23548
23549
23550
23551
23552
23553
23554
23555
23556
23557
23558
23559
23560
23561
23562
23563
23564
23565
23566
23567
23568
23569
23570
23571
23572
23573
23574
23576
23577
23578
23579
23580
23581
23582
23585
23586
23587
23588
23589
23590
23591
23593
23594
23595
23596
23599
23600
23601
23603
23604
23605
23606
23607
23608
23609
23619
23620
23621
23622
23623
23624
23625
23626
23627
23628
23629
23630
23631
23632
23633
23634
23635
23636
23637
23638
23639
23640
23641
23642
23643
23644
23645
23646
23648
23649
23650
23651
23652
23653
23654
23657
23658
23659
23660
23661
23662
23663
23665
23666
23667
23668
23671
23672
23673
23675
23676
23677
23678
23679
23680
23681
23691
23692
23693
23694
23695
23696
23697
23698
23699
23700
23701
23702
23703
23704
23705
23706
23707
23708
23709
23710
23711
23712
23713
23714
23715
23716
23717
23718
23720
23721
23722
23723
23724
23725
23726
23729
23730
23731
23732
23733
23734
23735
23738
23739
23740
23741
23742
23743
23744
23746
23747
23748
23749
23752
23753
23754
23763
23764
23765
23766
23767
23768
23769
23770
23771
23772
23773
23774
23775
23776
23777
23778
23779
23780
23781
23782
23783
23784
23785
23786
23787
23788
23789
23790
23792
23793
23794
23795
23796
23797
23798
23800
23801
23802
23803
23806
23807
23808
23810
23811
23812
23813
23814
23815
23816
23819
23820
23821
23822
23823
23824
23825
23835
23836
23837
23838
23839
23840
23841
23842
23843
23844
23845
23846
23847
23848
23849
23850
23851
23852
23853
23854
23855
23856
23857
23858
23859
23860
23861
23862
23864
23865
23866
23867
23868
23869
23870
23872
23873
23874
23875
23878
23879
23880
23882
23883
23884
23885
23886
23887
23888
23891
23892
23893
23894
23895
23896
23897
23907
23908
23909
23910
23911
23912
23913
23914
23915
23916
23917
23918
23919
23920
23921
23922
23923
23924
23925
23926
23927
23928
23929
23930
23931
23932
23933
23934
23936
23937
23938
23939
23940
23941
23942
23945
23946
23947
23948
23949
23950
23951
23953
23954
23955
23956
23959
23960
23961
23963
23964
23965
23966
23967
23968
23969
23979
23980
23981
23982
23983
23984
23985
23986
23987
23988
23989
23990
23991
23992
23993
23994
23995
23996
23997
23998
23999
24000
24001
24002
24003
24004
24005
24006
24008
24009
24010
24011
24012
24013
24014
24016
24017
24018
24019
24022
24023
24024
24026
24027
24028
24029
24030
24031
24032
24035
24036
24037
24038
24039
24040
24041
24051
24052
24053
24054
24055
24056
24057
24058
24059
24060
24061
24062
24063
24064
24065
24066
24067
24068
24069
24070
24071
24072
24073
24074
24075
24076
24077
24078
24080
24081
24082
24083
24084
24085
24086
24088
24089
24090
24091
24094
24095
24096
24098
24099
24100
24101
24102
24103
24104
24107
24108
24109
24110
24111
24112
24113
24123
24124
24125
24126
24127
24128
24129
24130
24131
24132
24133
24134
24135
24136
24137
24138
24139
24140
24141
24142
24143
24144
24145
24146
24147
24148
24149
24150
24151
24152
24153
24154
24157
24158
24159
24160
24161
24162
24163
24166
24167
24168
24170
24171
24172
24173
24174
24175
24176
24178
24179
24180
24181
24184
24185
24186
24195
24196
24197
24198
24199
24200
24201
24202
24203
24204
24205
24206
24207
24208
24209
24210
24211
24212
24213
24214
24215
24216
24217
24218
24219
24220
24221
24222
24224
24225
24226
24227
24228
24229
24230
24232
24233
24234
24235
24238
24239
24240
24242
24243
24244
24245
24246
24247
24248
24251
24252
24253
24254
24255
24256
24257
24267
24268
24269
24270
24271
24272
24273
24274
24275
24276
24277
24278
24279
24280
24281
24282
24283
24284
24285
24286
24287
24288
24289
24290
24291
24292
24293
24294
24296
24297
24298
24299
24300
24301
24302
24304
24305
24306
24307
24310
24311
24312
24314
24315
24316
24317
24318
24319
24320
24323
24324
24325
24326
24327
24328
24329
24339
24340
24341
24342
24343
24344
24345
24346
24347
24348
24349
24350
24351
24352
24353
24354
24355
24356
24357
24358
24359
24360
24361
24362
24363
24364
24365
24366
15008
15009
15010
15011
15012
15013
15014
15016
15017
15018
15019
15020
15021
15024
15025
15026
15027
15028
15029
15030
15031
15032
15035
15036
15037
15038
15039
15040
15041
15042
15043
15046
15047
15048
15049
15050
15059
15060
15061
15062
15063
15064
15065
15066
15067
15068
15069
15070
15071
15072
15073
15074
15075
15076
15077
15078
15079
15080
15081
15082
15083
15084
15085
15086
15087
15088
15089
15090
15091
15092
15093
15094
15096
15097
15098
15099
15101
15102
15103
15104
15105
15106
15108
15109
15110
15111
15112
15113
15114
15115
15116
15119
15120
15121
15122
15123
15124
15125
15126
15127
15129
15130
15131
15133
15134
15135
15136
15137
15147
15148
15149
15150
15151
15152
15153
15154
15155
15156
15157
15158
15159
15160
15161
15162
15163
15164
15165
15166
15167
15168
15169
15170
15171
15172
15173
15174
15175
15176
15177
15178
15179
15180
15181
15182
15184
15185
15186
15187
15188
15189
15190
15191
15192
15193
15196
15197
15198
15199
15201
15202
15203
15204
15205
15206
15207
15208
15209
15211
15212
15213
15214
15215
15218
15219
15220
15221
15222
15223
15224
15225
15235
15236
15237
15238
15239
15240
15241
15242
15243
15244
15245
15246
15247
15248
15249
15250
15251
15252
15253
15254
15255
15256
15257
15258
15259
15260
15261
15262
15263
15264
15265
15266
15267
15268
15269
15270
15271
15272
15273
15274
15277
15278
15279
15281
15282
15283
15284
15285
15286
15287
15288
15289
15290
15291
15294
15295
15296
15297
15298
15299
15300
15301
15302
15303
15304
15307
15308
15309
15310
15311
15312
15313
15323
15324
15325
15326
15327
15328
15329
15330
15331
15332
15333
15334
15335
15336
15337
15338
15339
15340
15341
15342
15343
15344
15345
15346
15347
15348
15349
15350
15351
15352
15353
15354
15355
15356
15357
15358
15360
15361
15362
15363
15365
15366
15367
15368
15369
15370
15371
15374
15375
15376
15377
15378
15379
15380
15381
15382
15383
15384
15387
15388
15389
15390
15391
15392
15393
15394
15395
15397
15398
15399
15400
15401
15411
15412
15413
15414
15415
15416
15417
15418
15419
15420
15421
15422
15423
15424
15425
15426
15427
15428
15429
15430
15431
15432
15433
15434
15435
15436
15437
15438
15439
15440
15441
15442
15443
15444
15445
15446
15448
15449
15450
15451
15452
15453
15454
15455
15456
15457
15458
15459
15461
15462
15463
15464
15465
15467
15468
15469
15470
15473
15474
15475
15477
15478
15479
15480
15481
15482
15483
15484
15485
15488
15489
15490
15499
15500
15501
15502
15503
15504
15505
15506
15507
15508
15509
15510
15511
15512
15513
15514
15515
15516
15517
15518
15519
15520
15521
15522
15523
15524
15525
15526
15527
15528
15529
15530
15531
15532
15533
15534
15543
15544
15545
15546
15547
15548
15549
15550
15551
15552
15553
15554
15555
15556
15557
15558
15559
15560
15561
15562
15563
15564
15565
15566
15567
15568
15569
15570
15571
15572
15573
15574
15575
15576
15577
15578
15579
15580
15581
15583
15584
15585
15586
15588
15589
15590
15591
15592
15594
15595
15596
15597
15598
15599
15601
15602
15603
15604
15605
15607
15608
15609
15610
15611
15612
15614
15615
15616
15618
15619
15620
15621
15623
15624
15625
15626
15628
15629
15630
15631
15632
15633
15636
15637
15638
15639
15640
15642
15643
15644
15645
15646
15647
15648
15653
15654
15655
15656
15657
15658
15659
15660
15661
15662
15663
15664
15665
15666
15667
15668
15669
15670
15671
15673
15674
15675
15676
15677
15679
15680
15681
15682
15683
15690
15691
15692
15693
15694
15695
15696
15697
15698
15699
15700
15701
15702
15703
15704
15705
15706
15707
15708
15709
15710
15719
15720
15721
15722
15723
15724
15725
15726
15727
15728
15729
15730
15731
15732
15733
15734
15735
15736
15737
15738
15739
15740
15741
15742
15743
15744
15745
15746
15747
15748
15749
15750
15751
15752
15753
15754
15755
15756
15757
15759
15760
15761
15762
15764
15765
15766
15767
15768
15770
15771
15772
15773
15774
15775
15777
15778
15779
15780
15781
15783
15784
15785
15786
15787
15788
15790
15791
15792
15794
15795
15796
15797
15799
15800
15801
15802
15803
15804
15807
15808
15809
15810
15811
15812
15813
15814
15815
15818
15819
15820
15821
15822
15823
15824
15825
15826
15829
15830
15831
15832
15833
15835
15836
15837
15838
15839
15840
15841
15851
15852
15853
15854
15855
15856
15857
15858
15859
15860
15861
15862
15863
15864
15865
15866
15867
15868
15869
15870
15871
15872
15873
15874
15875
15876
15877
15878
15879
15880
15881
15882
15883
15884
15885
15886
15888
15889
15890
15891
15892
15893
15894
15897
15898
15899
15900
15901
15902
15903
15904
15905
15906
15907
15909
15910
15911
15912
15915
15916
15917
15919
15920
15921
15922
15923
15924
15925
15926
15927
15928
15929
15939
15940
15941
15942
15943
15944
15945
15946
15947
15948
15949
15950
15951
15952
15953
15954
15955
15956
15957
15958
15959
15960
15961
15962
15963
15964
15965
15966
15967
15968
15969
15970
15971
15972
15973
15974
15976
15977
15978
15979
15980
15981
15982
15985
15986
15987
15988
15989
15990
15991
15992
15993
15994
15995
15997
15998
15999
16000
16003
16004
16005
16007
16008
16009
16010
16011
16012
16013
16014
16015
16016
16017
16027
16028
16029
16030
16031
16032
16033
16034
16035
16036
16037
16038
16039
16040
16041
16042
16043
16044
16045
16046
16047
16048
16049
16050
16051
16052
16053
16054
16055
16056
16057
16058
16059
16060
16061
16062
