BodyName	Node	X	Y	Z
Body_101	25150	0.019	0.1918	0.016529
Body_101	25151	0.0	0.1918	0.016529
Body_101	25152	0.01425	0.1918	0.016529
Body_101	25153	0.0095	0.1918	0.016529
Body_101	25154	0.00475	0.1918	0.016529
Body_101	25155			
Body_101	25156			
Body_101	25157			
Body_101	25158			
Body_104	25177	0.039	0.1918	0.016529
Body_104	25178	0.02	0.1918	0.016529
Body_104	25179	0.03425	0.1918	0.016529
Body_104	25180	0.0295	0.1918	0.016529
Body_104	25181	0.02475	0.1918	0.016529
Body_104	25182			
Body_104	25183			
Body_104	25184			
Body_104	25185			
Body_107	25186	0.059	0.1918	0.016529
Body_107	25187	0.04	0.1918	0.016529
Body_107	25188	0.05425	0.1918	0.016529
Body_107	25189	0.0495	0.1918	0.016529
Body_107	25190	0.04475	0.1918	0.016529
Body_107	25191			
Body_107	25192			
Body_107	25193			
Body_107	25194			
Body_110	25510	0.019	0.2918	0.016529
Body_110	25511	0.0	0.2918	0.016529
Body_110	25512	0.01425	0.2918	0.016529
Body_110	25513	0.0095	0.2918	0.016529
Body_110	25514	0.00475	0.2918	0.016529
Body_110	25515			
Body_110	25516			
Body_110	25517			
Body_110	25518			
Body_113	25519	0.039	0.2918	0.016529
Body_113	25520	0.02	0.2918	0.016529
Body_113	25521	0.03425	0.2918	0.016529
Body_113	25522	0.0295	0.2918	0.016529
Body_113	25523	0.02475	0.2918	0.016529
Body_113	25524			
Body_113	25525			
Body_113	25526			
Body_113	25527			
Body_116	25546	0.059	0.2918	0.016529
Body_116	25547	0.04	0.2918	0.016529
Body_116	25548	0.05425	0.2918	0.016529
Body_116	25549	0.0495	0.2918	0.016529
Body_116	25550	0.04475	0.2918	0.016529
Body_116	25551			
Body_116	25552			
Body_116	25553			
Body_116	25554			
Body_119	24700	0.019	0.014802	0.020937
Body_119	24701	0.0	0.014802	0.020937
Body_119	24702	0.01425	0.014802	0.020937
Body_119	24703	0.0095	0.014802	0.020937
Body_119	24704	0.00475	0.014802	0.020937
Body_119	24705			
Body_119	24706			
Body_119	24707			
Body_119	24708			
Body_122	24691	0.039	0.014802	0.020937
Body_122	24692	0.02	0.014802	0.020937
Body_122	24693	0.03425	0.014802	0.020937
Body_122	24694	0.0295	0.014802	0.020937
Body_122	24695	0.02475	0.014802	0.020937
Body_122	24696			
Body_122	24697			
Body_122	24698			
Body_122	24699			
Body_125	24709	0.059	0.014802	0.020937
Body_125	24710	0.04	0.014802	0.020937
Body_125	24711	0.05425	0.014802	0.020937
Body_125	24712	0.0495	0.014802	0.020937
Body_125	24713	0.04475	0.014802	0.020937
Body_125	24714			
Body_125	24715			
Body_125	24716			
Body_125	24717			
Body_128	24808	0.019	0.1148	0.020937
Body_128	24809	0.0	0.1148	0.020937
Body_128	24810	0.01425	0.1148	0.020937
Body_128	24811	0.0095	0.1148	0.020937
Body_128	24812	0.00475	0.1148	0.020937
Body_128	24813			
Body_128	24814			
Body_128	24815			
Body_128	24816			
Body_131	24889	0.039	0.1148	0.020937
Body_131	24890	0.02	0.1148	0.020937
Body_131	24891	0.03425	0.1148	0.020937
Body_131	24892	0.0295	0.1148	0.020937
Body_131	24893	0.02475	0.1148	0.020937
Body_131	24894			
Body_131	24895			
Body_131	24896			
Body_131	24897			
Body_134	24916	0.059	0.1148	0.020937
Body_134	24917	0.04	0.1148	0.020937
Body_134	24918	0.05425	0.1148	0.020937
Body_134	24919	0.0495	0.1148	0.020937
Body_134	24920	0.04475	0.1148	0.020937
Body_134	24921			
Body_134	24922			
Body_134	24923			
Body_134	24924			
Body_137	25231	0.019	0.2148	0.020937
Body_137	25232	0.0	0.2148	0.020937
Body_137	25233	0.01425	0.2148	0.020937
Body_137	25234	0.0095	0.2148	0.020937
Body_137	25235	0.00475	0.2148	0.020937
Body_137	25236			
Body_137	25237			
Body_137	25238			
Body_137	25239			
Body_140	25366	0.039	0.2148	0.020937
Body_140	25367	0.02	0.2148	0.020937
Body_140	25368	0.03425	0.2148	0.020937
Body_140	25369	0.0295	0.2148	0.020937
Body_140	25370	0.02475	0.2148	0.020937
Body_140	25371			
Body_140	25372			
Body_140	25373			
Body_140	25374			
Body_143	25375	0.059	0.2148	0.020937
Body_143	25376	0.04	0.2148	0.020937
Body_143	25377	0.05425	0.2148	0.020937
Body_143	25378	0.0495	0.2148	0.020937
Body_143	25379	0.04475	0.2148	0.020937
Body_143	25380			
Body_143	25381			
Body_143	25382			
Body_143	25383			
Body_146	24457	0.019	0.084804	0.021166
Body_146	24458	0.0	0.084804	0.021166
Body_146	24459	0.01425	0.084804	0.021166
Body_146	24460	0.0095	0.084804	0.021166
Body_146	24461	0.00475	0.084804	0.021166
Body_146	24462			
Body_146	24463			
Body_146	24464			
Body_146	24465			
Body_149	24412	0.039	0.084804	0.021166
Body_149	24413	0.02	0.084804	0.021166
Body_149	24414	0.03425	0.084804	0.021166
Body_149	24415	0.0295	0.084804	0.021166
Body_149	24416	0.02475	0.084804	0.021166
Body_149	24417			
Body_149	24418			
Body_149	24419			
Body_149	24420			
Body_152	24385	0.059	0.084804	0.021166
Body_152	24386	0.04	0.084804	0.021166
Body_152	24387	0.05425	0.084804	0.021166
Body_152	24388	0.0495	0.084804	0.021166
Body_152	24389	0.04475	0.084804	0.021166
Body_152	24390			
Body_152	24391			
Body_152	24392			
Body_152	24393			
Body_155	25159	0.019	0.1848	0.021166
Body_155	25160	0.0	0.1848	0.021166
Body_155	25161	0.01425	0.1848	0.021166
Body_155	25162	0.0095	0.1848	0.021166
Body_155	25163	0.00475	0.1848	0.021166
Body_155	25164			
Body_155	25165			
Body_155	25166			
Body_155	25167			
Body_158	25168	0.039	0.1848	0.021166
Body_158	25169	0.02	0.1848	0.021166
Body_158	25170	0.03425	0.1848	0.021166
Body_158	25171	0.0295	0.1848	0.021166
Body_158	25172	0.02475	0.1848	0.021166
Body_158	25173			
Body_158	25174			
Body_158	25175			
Body_158	25176			
Body_161	25195	0.059	0.1848	0.021166
Body_161	25196	0.04	0.1848	0.021166
Body_161	25197	0.05425	0.1848	0.021166
Body_161	25198	0.0495	0.1848	0.021166
Body_161	25199	0.04475	0.1848	0.021166
Body_161	25200			
Body_161	25201			
Body_161	25202			
Body_161	25203			
Body_164	25501	0.019	0.2848	0.021166
Body_164	25502	0.0	0.2848	0.021166
Body_164	25503	0.01425	0.2848	0.021166
Body_164	25504	0.0095	0.2848	0.021166
Body_164	25505	0.00475	0.2848	0.021166
Body_164	25506			
Body_164	25507			
Body_164	25508			
Body_164	25509			
Body_167	25528	0.039	0.2848	0.021166
Body_167	25529	0.02	0.2848	0.021166
Body_167	25530	0.03425	0.2848	0.021166
Body_167	25531	0.0295	0.2848	0.021166
Body_167	25532	0.02475	0.2848	0.021166
Body_167	25533			
Body_167	25534			
Body_167	25535			
Body_167	25536			
Body_170	25537	0.059	0.2848	0.021166
Body_170	25538	0.04	0.2848	0.021166
Body_170	25539	0.05425	0.2848	0.021166
Body_170	25540	0.0495	0.2848	0.021166
Body_170	25541	0.04475	0.2848	0.021166
Body_170	25542			
Body_170	25543			
Body_170	25544			
Body_170	25545			
Body_173	24664	0.019	0.021802	0.024532
Body_173	24665	0.0	0.021802	0.024532
Body_173	24666	0.01425	0.021802	0.024532
Body_173	24667	0.0095	0.021802	0.024532
Body_173	24668	0.00475	0.021802	0.024532
Body_173	24669			
Body_173	24670			
Body_173	24671			
Body_173	24672			
Body_176	24673	0.039	0.021802	0.024532
Body_176	24674	0.02	0.021802	0.024532
Body_176	24675	0.03425	0.021802	0.024532
Body_176	24676	0.0295	0.021802	0.024532
Body_176	24677	0.02475	0.021802	0.024532
Body_176	24678			
Body_176	24679			
Body_176	24680			
Body_176	24681			
Body_179	24682	0.059	0.021802	0.024532
Body_179	24683	0.04	0.021802	0.024532
Body_179	24684	0.05425	0.021802	0.024532
Body_179	24685	0.0495	0.021802	0.024532
Body_179	24686	0.04475	0.021802	0.024532
Body_179	24687			
Body_179	24688			
Body_179	24689			
Body_179	24690			
Body_182	24817	0.019	0.1218	0.024532
Body_182	24818	0.0	0.1218	0.024532
Body_182	24819	0.01425	0.1218	0.024532
Body_182	24820	0.0095	0.1218	0.024532
Body_182	24821	0.00475	0.1218	0.024532
Body_182	24822			
Body_182	24823			
Body_182	24824			
Body_182	24825			
Body_185	24880	0.039	0.1218	0.024532
Body_185	24881	0.02	0.1218	0.024532
Body_185	24882	0.03425	0.1218	0.024532
Body_185	24883	0.0295	0.1218	0.024532
Body_185	24884	0.02475	0.1218	0.024532
Body_185	24885			
Body_185	24886			
Body_185	24887			
Body_185	24888			
Body_188	24925	0.059	0.1218	0.024532
Body_188	24926	0.04	0.1218	0.024532
Body_188	24927	0.05425	0.1218	0.024532
Body_188	24928	0.0495	0.1218	0.024532
Body_188	24929	0.04475	0.1218	0.024532
Body_188	24930			
Body_188	24931			
Body_188	24932			
Body_188	24933			
Body_191	25240	0.019	0.2218	0.024532
Body_191	25241	0.0	0.2218	0.024532
Body_191	25242	0.01425	0.2218	0.024532
Body_191	25243	0.0095	0.2218	0.024532
Body_191	25244	0.00475	0.2218	0.024532
Body_191	25245			
Body_191	25246			
Body_191	25247			
Body_191	25248			
Body_194	25357	0.039	0.2218	0.024532
Body_194	25358	0.02	0.2218	0.024532
Body_194	25359	0.03425	0.2218	0.024532
Body_194	25360	0.0295	0.2218	0.024532
Body_194	25361	0.02475	0.2218	0.024532
Body_194	25362			
Body_194	25363			
Body_194	25364			
Body_194	25365			
Body_197	25384	0.059	0.2218	0.024532
Body_197	25385	0.04	0.2218	0.024532
Body_197	25386	0.05425	0.2218	0.024532
Body_197	25387	0.0495	0.2218	0.024532
Body_197	25388	0.04475	0.2218	0.024532
Body_197	25389			
Body_197	25390			
Body_197	25391			
Body_197	25392			
Body_200	24466	0.019	0.077804	0.024705
Body_200	24467	0.0	0.077804	0.024705
Body_200	24468	0.01425	0.077804	0.024705
Body_200	24469	0.0095	0.077804	0.024705
Body_200	24470	0.00475	0.077804	0.024705
Body_200	24471			
Body_200	24472			
Body_200	24473			
Body_200	24474			
Body_203	24403	0.039	0.077804	0.024705
Body_203	24404	0.02	0.077804	0.024705
Body_203	24405	0.03425	0.077804	0.024705
Body_203	24406	0.0295	0.077804	0.024705
Body_203	24407	0.02475	0.077804	0.024705
Body_203	24408			
Body_203	24409			
Body_203	24410			
Body_203	24411			
Body_206	24394	0.059	0.077804	0.024705
Body_206	24395	0.04	0.077804	0.024705
Body_206	24396	0.05425	0.077804	0.024705
Body_206	24397	0.0495	0.077804	0.024705
Body_206	24398	0.04475	0.077804	0.024705
Body_206	24399			
Body_206	24400			
Body_206	24401			
Body_206	24402			
Body_209	25087	0.019	0.1778	0.024705
Body_209	25088	0.0	0.1778	0.024705
Body_209	25089	0.01425	0.1778	0.024705
Body_209	25090	0.0095	0.1778	0.024705
Body_209	25091	0.00475	0.1778	0.024705
Body_209	25092			
Body_209	25093			
Body_209	25094			
Body_209	25095			
Body_212	25078	0.039	0.1778	0.024705
Body_212	25079	0.02	0.1778	0.024705
Body_212	25080	0.03425	0.1778	0.024705
Body_212	25081	0.0295	0.1778	0.024705
Body_212	25082	0.02475	0.1778	0.024705
Body_212	25083			
Body_212	25084			
Body_212	25085			
Body_212	25086			
Body_215	25069	0.059	0.1778	0.024705
Body_215	25070	0.04	0.1778	0.024705
Body_215	25071	0.05425	0.1778	0.024705
Body_215	25072	0.0495	0.1778	0.024705
Body_215	25073	0.04475	0.1778	0.024705
Body_215	25074			
Body_215	25075			
Body_215	25076			
Body_215	25077			
Body_218	25492	0.019	0.2778	0.024705
Body_218	25493	0.0	0.2778	0.024705
Body_218	25494	0.01425	0.2778	0.024705
Body_218	25495	0.0095	0.2778	0.024705
Body_218	25496	0.00475	0.2778	0.024705
Body_218	25497			
Body_218	25498			
Body_218	25499			
Body_218	25500			
Body_221	25483	0.039	0.2778	0.024705
Body_221	25484	0.02	0.2778	0.024705
Body_221	25485	0.03425	0.2778	0.024705
Body_221	25486	0.0295	0.2778	0.024705
Body_221	25487	0.02475	0.2778	0.024705
Body_221	25488			
Body_221	25489			
Body_221	25490			
Body_221	25491			
Body_224	25474	0.059	0.2778	0.024705
Body_224	25475	0.04	0.2778	0.024705
Body_224	25476	0.05425	0.2778	0.024705
Body_224	25477	0.0495	0.2778	0.024705
Body_224	25478	0.04475	0.2778	0.024705
Body_224	25479			
Body_224	25480			
Body_224	25481			
Body_224	25482			
Body_227	24655	0.019	0.028803	0.027198
Body_227	24656	0.0	0.028803	0.027198
Body_227	24657	0.01425	0.028803	0.027198
Body_227	24658	0.0095	0.028803	0.027198
Body_227	24659	0.00475	0.028803	0.027198
Body_227	24660			
Body_227	24661			
Body_227	24662			
Body_227	24663			
Body_230	24646	0.039	0.028803	0.027198
Body_230	24647	0.02	0.028803	0.027198
Body_230	24648	0.03425	0.028803	0.027198
Body_230	24649	0.0295	0.028803	0.027198
Body_230	24650	0.02475	0.028803	0.027198
Body_230	24651			
Body_230	24652			
Body_230	24653			
Body_230	24654			
Body_233	24637	0.059	0.028803	0.027198
Body_233	24638	0.04	0.028803	0.027198
Body_233	24639	0.05425	0.028803	0.027198
Body_233	24640	0.0495	0.028803	0.027198
Body_233	24641	0.04475	0.028803	0.027198
Body_233	24642			
Body_233	24643			
Body_233	24644			
Body_233	24645			
Body_236	24826	0.019	0.1288	0.027198
Body_236	24827	0.0	0.1288	0.027198
Body_236	24828	0.01425	0.1288	0.027198
Body_236	24829	0.0095	0.1288	0.027198
Body_236	24830	0.00475	0.1288	0.027198
Body_236	24831			
Body_236	24832			
Body_236	24833			
Body_236	24834			
Body_239	24871	0.039	0.1288	0.027198
Body_239	24872	0.02	0.1288	0.027198
Body_239	24873	0.03425	0.1288	0.027198
Body_239	24874	0.0295	0.1288	0.027198
Body_239	24875	0.02475	0.1288	0.027198
Body_239	24876			
Body_239	24877			
Body_239	24878			
Body_239	24879			
Body_242	24934	0.059	0.1288	0.027198
Body_242	24935	0.04	0.1288	0.027198
Body_242	24936	0.05425	0.1288	0.027198
Body_242	24937	0.0495	0.1288	0.027198
Body_242	24938	0.04475	0.1288	0.027198
Body_242	24939			
Body_242	24940			
Body_242	24941			
Body_242	24942			
Body_245	25249	0.019	0.2288	0.027198
Body_245	25250	0.0	0.2288	0.027198
Body_245	25251	0.01425	0.2288	0.027198
Body_245	25252	0.0095	0.2288	0.027198
Body_245	25253	0.00475	0.2288	0.027198
Body_245	25254			
Body_245	25255			
Body_245	25256			
Body_245	25257			
Body_248	25348	0.039	0.2288	0.027198
Body_248	25349	0.02	0.2288	0.027198
Body_248	25350	0.03425	0.2288	0.027198
Body_248	25351	0.0295	0.2288	0.027198
Body_248	25352	0.02475	0.2288	0.027198
Body_248	25353			
Body_248	25354			
Body_248	25355			
Body_248	25356			
Body_251	25393	0.059	0.2288	0.027198
Body_251	25394	0.04	0.2288	0.027198
Body_251	25395	0.05425	0.2288	0.027198
Body_251	25396	0.0495	0.2288	0.027198
Body_251	25397	0.04475	0.2288	0.027198
Body_251	25398			
Body_251	25399			
Body_251	25400			
Body_251	25401			
Body_254	24520	0.019	0.070803	0.027323
Body_254	24521	0.0	0.070803	0.027323
Body_254	24522	0.01425	0.070803	0.027323
Body_254	24523	0.0095	0.070803	0.027323
Body_254	24524	0.00475	0.070803	0.027323
Body_254	24525			
Body_254	24526			
Body_254	24527			
Body_254	24528			
Body_257	24475	0.039	0.070803	0.027323
Body_257	24476	0.02	0.070803	0.027323
Body_257	24477	0.03425	0.070803	0.027323
Body_257	24478	0.0295	0.070803	0.027323
Body_257	24479	0.02475	0.070803	0.027323
Body_257	24480			
Body_257	24481			
Body_257	24482			
Body_257	24483			
Body_260	24484	0.059	0.070803	0.027323
Body_260	24485	0.04	0.070803	0.027323
Body_260	24486	0.05425	0.070803	0.027323
Body_260	24487	0.0495	0.070803	0.027323
Body_260	24488	0.04475	0.070803	0.027323
Body_260	24489			
Body_260	24490			
Body_260	24491			
Body_260	24492			
Body_263	25042	0.019	0.1708	0.027323
Body_263	25043	0.0	0.1708	0.027323
Body_263	25044	0.01425	0.1708	0.027323
Body_263	25045	0.0095	0.1708	0.027323
Body_263	25046	0.00475	0.1708	0.027323
Body_263	25047			
Body_263	25048			
Body_263	25049			
Body_263	25050			
Body_266	25051	0.039	0.1708	0.027323
Body_266	25052	0.02	0.1708	0.027323
Body_266	25053	0.03425	0.1708	0.027323
Body_266	25054	0.0295	0.1708	0.027323
Body_266	25055	0.02475	0.1708	0.027323
Body_266	25056			
Body_266	25057			
Body_266	25058			
Body_266	25059			
Body_269	25060	0.059	0.1708	0.027323
Body_269	25061	0.04	0.1708	0.027323
Body_269	25062	0.05425	0.1708	0.027323
Body_269	25063	0.0495	0.1708	0.027323
Body_269	25064	0.04475	0.1708	0.027323
Body_269	25065			
Body_269	25066			
Body_269	25067			
Body_269	25068			
Body_272	25465	0.019	0.2708	0.027323
Body_272	25466	0.0	0.2708	0.027323
Body_272	25467	0.01425	0.2708	0.027323
Body_272	25468	0.0095	0.2708	0.027323
Body_272	25469	0.00475	0.2708	0.027323
Body_272	25470			
Body_272	25471			
Body_272	25472			
Body_272	25473			
Body_275	25456	0.039	0.2708	0.027323
Body_275	25457	0.02	0.2708	0.027323
Body_275	25458	0.03425	0.2708	0.027323
Body_275	25459	0.0295	0.2708	0.027323
Body_275	25460	0.02475	0.2708	0.027323
Body_275	25461			
Body_275	25462			
Body_275	25463			
Body_275	25464			
Body_278	25447	0.059	0.2708	0.027323
Body_278	25448	0.04	0.2708	0.027323
Body_278	25449	0.05425	0.2708	0.027323
Body_278	25450	0.0495	0.2708	0.027323
Body_278	25451	0.04475	0.2708	0.027323
Body_278	25452			
Body_278	25453			
Body_278	25454			
Body_278	25455			
Body_281	24619	0.019	0.035803	0.029044
Body_281	24620	0.0	0.035803	0.029044
Body_281	24621	0.01425	0.035803	0.029044
Body_281	24622	0.0095	0.035803	0.029044
Body_281	24623	0.00475	0.035803	0.029044
Body_281	24624			
Body_281	24625			
Body_281	24626			
Body_281	24627			
Body_284	24610	0.039	0.035803	0.029044
Body_284	24611	0.02	0.035803	0.029044
Body_284	24612	0.03425	0.035803	0.029044
Body_284	24613	0.0295	0.035803	0.029044
Body_284	24614	0.02475	0.035803	0.029044
Body_284	24615			
Body_284	24616			
Body_284	24617			
Body_284	24618			
Body_287	24628	0.059	0.035803	0.029044
Body_287	24629	0.04	0.035803	0.029044
Body_287	24630	0.05425	0.035803	0.029044
Body_287	24631	0.0495	0.035803	0.029044
Body_287	24632	0.04475	0.035803	0.029044
Body_287	24633			
Body_287	24634			
Body_287	24635			
Body_287	24636			
Body_290	24835	0.019	0.1358	0.029044
Body_290	24836	0.0	0.1358	0.029044
Body_290	24837	0.01425	0.1358	0.029044
Body_290	24838	0.0095	0.1358	0.029044
Body_290	24839	0.00475	0.1358	0.029044
Body_290	24840			
Body_290	24841			
Body_290	24842			
Body_290	24843			
Body_293	24862	0.039	0.1358	0.029044
Body_293	24863	0.02	0.1358	0.029044
Body_293	24864	0.03425	0.1358	0.029044
Body_293	24865	0.0295	0.1358	0.029044
Body_293	24866	0.02475	0.1358	0.029044
Body_293	24867			
Body_293	24868			
Body_293	24869			
Body_293	24870			
Body_296	24943	0.059	0.1358	0.029044
Body_296	24944	0.04	0.1358	0.029044
Body_296	24945	0.05425	0.1358	0.029044
Body_296	24946	0.0495	0.1358	0.029044
Body_296	24947	0.04475	0.1358	0.029044
Body_296	24948			
Body_296	24949			
Body_296	24950			
Body_296	24951			
Body_299	25258	0.019	0.2358	0.029044
Body_299	25259	0.0	0.2358	0.029044
Body_299	25260	0.01425	0.2358	0.029044
Body_299	25261	0.0095	0.2358	0.029044
Body_299	25262	0.00475	0.2358	0.029044
Body_299	25263			
Body_299	25264			
Body_299	25265			
Body_299	25266			
Body_302	25339	0.039	0.2358	0.029044
Body_302	25340	0.02	0.2358	0.029044
Body_302	25341	0.03425	0.2358	0.029044
Body_302	25342	0.0295	0.2358	0.029044
Body_302	25343	0.02475	0.2358	0.029044
Body_302	25344			
Body_302	25345			
Body_302	25346			
Body_302	25347			
Body_305	25402	0.059	0.2358	0.029044
Body_305	25403	0.04	0.2358	0.029044
Body_305	25404	0.05425	0.2358	0.029044
Body_305	25405	0.0495	0.2358	0.029044
Body_305	25406	0.04475	0.2358	0.029044
Body_305	25407			
Body_305	25408			
Body_305	25409			
Body_305	25410			
Body_308	24511	0.019	0.063803	0.029125
Body_308	24512	0.0	0.063803	0.029125
Body_308	24513	0.01425	0.063803	0.029125
Body_308	24514	0.0095	0.063803	0.029125
Body_308	24515	0.00475	0.063803	0.029125
Body_308	24516			
Body_308	24517			
Body_308	24518			
Body_308	24519			
Body_311	24502	0.039	0.063803	0.029125
Body_311	24503	0.02	0.063803	0.029125
Body_311	24504	0.03425	0.063803	0.029125
Body_311	24505	0.0295	0.063803	0.029125
Body_311	24506	0.02475	0.063803	0.029125
Body_311	24507			
Body_311	24508			
Body_311	24509			
Body_311	24510			
Body_314	24493	0.059	0.063803	0.029125
Body_314	24494	0.04	0.063803	0.029125
Body_314	24495	0.05425	0.063803	0.029125
Body_314	24496	0.0495	0.063803	0.029125
Body_314	24497	0.04475	0.063803	0.029125
Body_314	24498			
Body_314	24499			
Body_314	24500			
Body_314	24501			
Body_317	25033	0.019	0.1638	0.029125
Body_317	25034	0.0	0.1638	0.029125
Body_317	25035	0.01425	0.1638	0.029125
Body_317	25036	0.0095	0.1638	0.029125
Body_317	25037	0.00475	0.1638	0.029125
Body_317	25038			
Body_317	25039			
Body_317	25040			
Body_317	25041			
Body_320	25024	0.039	0.1638	0.029125
Body_320	25025	0.02	0.1638	0.029125
Body_320	25026	0.03425	0.1638	0.029125
Body_320	25027	0.0295	0.1638	0.029125
Body_320	25028	0.02475	0.1638	0.029125
Body_320	25029			
Body_320	25030			
Body_320	25031			
Body_320	25032			
Body_323	25015	0.059	0.1638	0.029125
Body_323	25016	0.04	0.1638	0.029125
Body_323	25017	0.05425	0.1638	0.029125
Body_323	25018	0.0495	0.1638	0.029125
Body_323	25019	0.04475	0.1638	0.029125
Body_323	25020			
Body_323	25021			
Body_323	25022			
Body_323	25023			
Body_326	25294	0.019	0.2638	0.029125
Body_326	25295	0.0	0.2638	0.029125
Body_326	25296	0.01425	0.2638	0.029125
Body_326	25297	0.0095	0.2638	0.029125
Body_326	25298	0.00475	0.2638	0.029125
Body_326	25299			
Body_326	25300			
Body_326	25301			
Body_326	25302			
Body_329	25303	0.039	0.2638	0.029125
Body_329	25304	0.02	0.2638	0.029125
Body_329	25305	0.03425	0.2638	0.029125
Body_329	25306	0.0295	0.2638	0.029125
Body_329	25307	0.02475	0.2638	0.029125
Body_329	25308			
Body_329	25309			
Body_329	25310			
Body_329	25311			
Body_332	25438	0.059	0.2638	0.029125
Body_332	25439	0.04	0.2638	0.029125
Body_332	25440	0.05425	0.2638	0.029125
Body_332	25441	0.0495	0.2638	0.029125
Body_332	25442	0.04475	0.2638	0.029125
Body_332	25443			
Body_332	25444			
Body_332	25445			
Body_332	25446			
Body_335	24601	0.019	0.042803	0.030136
Body_335	24602	0.0	0.042803	0.030136
Body_335	24603	0.01425	0.042803	0.030136
Body_335	24604	0.0095	0.042803	0.030136
Body_335	24605	0.00475	0.042803	0.030136
Body_335	24606			
Body_335	24607			
Body_335	24608			
Body_335	24609			
Body_338	24592	0.039	0.042803	0.030136
Body_338	24593	0.02	0.042803	0.030136
Body_338	24594	0.03425	0.042803	0.030136
Body_338	24595	0.0295	0.042803	0.030136
Body_338	24596	0.02475	0.042803	0.030136
Body_338	24597			
Body_338	24598			
Body_338	24599			
Body_338	24600			
Body_341	24583	0.059	0.042803	0.030136
Body_341	24584	0.04	0.042803	0.030136
Body_341	24585	0.05425	0.042803	0.030136
Body_341	24586	0.0495	0.042803	0.030136
Body_341	24587	0.04475	0.042803	0.030136
Body_341	24588			
Body_341	24589			
Body_341	24590			
Body_341	24591			
Body_344	24844	0.019	0.1428	0.030136
Body_344	24845	0.0	0.1428	0.030136
Body_344	24846	0.01425	0.1428	0.030136
Body_344	24847	0.0095	0.1428	0.030136
Body_344	24848	0.00475	0.1428	0.030136
Body_344	24849			
Body_344	24850			
Body_344	24851			
Body_344	24852			
Body_347	24853	0.039	0.1428	0.030136
Body_347	24854	0.02	0.1428	0.030136
Body_347	24855	0.03425	0.1428	0.030136
Body_347	24856	0.0295	0.1428	0.030136
Body_347	24857	0.02475	0.1428	0.030136
Body_347	24858			
Body_347	24859			
Body_347	24860			
Body_347	24861			
Body_350	24952	0.059	0.1428	0.030136
Body_350	24953	0.04	0.1428	0.030136
Body_350	24954	0.05425	0.1428	0.030136
Body_350	24955	0.0495	0.1428	0.030136
Body_350	24956	0.04475	0.1428	0.030136
Body_350	24957			
Body_350	24958			
Body_350	24959			
Body_350	24960			
Body_353	25267	0.019	0.2428	0.030136
Body_353	25268	0.0	0.2428	0.030136
Body_353	25269	0.01425	0.2428	0.030136
Body_353	25270	0.0095	0.2428	0.030136
Body_353	25271	0.00475	0.2428	0.030136
Body_353	25272			
Body_353	25273			
Body_353	25274			
Body_353	25275			
Body_356	25330	0.039	0.2428	0.030136
Body_356	25331	0.02	0.2428	0.030136
Body_356	25332	0.03425	0.2428	0.030136
Body_356	25333	0.0295	0.2428	0.030136
Body_356	25334	0.02475	0.2428	0.030136
Body_356	25335			
Body_356	25336			
Body_356	25337			
Body_356	25338			
Body_359	25411	0.059	0.2428	0.030136
Body_359	25412	0.04	0.2428	0.030136
Body_359	25413	0.05425	0.2428	0.030136
Body_359	25414	0.0495	0.2428	0.030136
Body_359	25415	0.04475	0.2428	0.030136
Body_359	25416			
Body_359	25417			
Body_359	25418			
Body_359	25419			
Body_362	24547	0.019	0.056803	0.030176
Body_362	24548	0.0	0.056803	0.030176
Body_362	24549	0.01425	0.056803	0.030176
Body_362	24550	0.0095	0.056803	0.030176
Body_362	24551	0.00475	0.056803	0.030176
Body_362	24552			
Body_362	24553			
Body_362	24554			
Body_362	24555			
Body_365	24538	0.039	0.056803	0.030176
Body_365	24539	0.02	0.056803	0.030176
Body_365	24540	0.03425	0.056803	0.030176
Body_365	24541	0.0295	0.056803	0.030176
Body_365	24542	0.02475	0.056803	0.030176
Body_365	24543			
Body_365	24544			
Body_365	24545			
Body_365	24546			
Body_368	24529	0.059	0.056803	0.030176
Body_368	24530	0.04	0.056803	0.030176
Body_368	24531	0.05425	0.056803	0.030176
Body_368	24532	0.0495	0.056803	0.030176
Body_368	24533	0.04475	0.056803	0.030176
Body_368	24534			
Body_368	24535			
Body_368	24536			
Body_368	24537			
Body_371	24988	0.019	0.1568	0.030176
Body_371	24989	0.0	0.1568	0.030176
Body_371	24990	0.01425	0.1568	0.030176
Body_371	24991	0.0095	0.1568	0.030176
Body_371	24992	0.00475	0.1568	0.030176
Body_371	24993			
Body_371	24994			
Body_371	24995			
Body_371	24996			
Body_374	24997	0.039	0.1568	0.030176
Body_374	24998	0.02	0.1568	0.030176
Body_374	24999	0.03425	0.1568	0.030176
Body_374	25000	0.0295	0.1568	0.030176
Body_374	25001	0.02475	0.1568	0.030176
Body_374	25002			
Body_374	25003			
Body_374	25004			
Body_374	25005			
Body_377	25006	0.059	0.1568	0.030176
Body_377	25007	0.04	0.1568	0.030176
Body_377	25008	0.05425	0.1568	0.030176
Body_377	25009	0.0495	0.1568	0.030176
Body_377	25010	0.04475	0.1568	0.030176
Body_377	25011			
Body_377	25012			
Body_377	25013			
Body_377	25014			
Body_380	25285	0.019	0.2568	0.030176
Body_380	25286	0.0	0.2568	0.030176
Body_380	25287	0.01425	0.2568	0.030176
Body_380	25288	0.0095	0.2568	0.030176
Body_380	25289	0.00475	0.2568	0.030176
Body_380	25290			
Body_380	25291			
Body_380	25292			
Body_380	25293			
Body_383	25312	0.039	0.2568	0.030176
Body_383	25313	0.02	0.2568	0.030176
Body_383	25314	0.03425	0.2568	0.030176
Body_383	25315	0.0295	0.2568	0.030176
Body_383	25316	0.02475	0.2568	0.030176
Body_383	25317			
Body_383	25318			
Body_383	25319			
Body_383	25320			
Body_386	25429	0.059	0.2568	0.030176
Body_386	25430	0.04	0.2568	0.030176
Body_386	25431	0.05425	0.2568	0.030176
Body_386	25432	0.0495	0.2568	0.030176
Body_386	25433	0.04475	0.2568	0.030176
Body_386	25434			
Body_386	25435			
Body_386	25436			
Body_386	25437			
Body_416	24556	0.019	0.049803	0.030509
Body_416	24557	0.0	0.049803	0.030509
Body_416	24558	0.01425	0.049803	0.030509
Body_416	24559	0.0095	0.049803	0.030509
Body_416	24560	0.00475	0.049803	0.030509
Body_416	24561			
Body_416	24562			
Body_416	24563			
Body_416	24564			
Body_419	24565	0.039	0.049803	0.030509
Body_419	24566	0.02	0.049803	0.030509
Body_419	24567	0.03425	0.049803	0.030509
Body_419	24568	0.0295	0.049803	0.030509
Body_419	24569	0.02475	0.049803	0.030509
Body_419	24570			
Body_419	24571			
Body_419	24572			
Body_419	24573			
Body_422	24574	0.059	0.049803	0.030509
Body_422	24575	0.04	0.049803	0.030509
Body_422	24576	0.05425	0.049803	0.030509
Body_422	24577	0.0495	0.049803	0.030509
Body_422	24578	0.04475	0.049803	0.030509
Body_422	24579			
Body_422	24580			
Body_422	24581			
Body_422	24582			
Body_425	24979	0.019	0.1498	0.030509
Body_425	24980	0.0	0.1498	0.030509
Body_425	24981	0.01425	0.1498	0.030509
Body_425	24982	0.0095	0.1498	0.030509
Body_425	24983	0.00475	0.1498	0.030509
Body_425	24984			
Body_425	24985			
Body_425	24986			
Body_425	24987			
Body_428	24970	0.039	0.1498	0.030509
Body_428	24971	0.02	0.1498	0.030509
Body_428	24972	0.03425	0.1498	0.030509
Body_428	24973	0.0295	0.1498	0.030509
Body_428	24974	0.02475	0.1498	0.030509
Body_428	24975			
Body_428	24976			
Body_428	24977			
Body_428	24978			
Body_431	24961	0.059	0.1498	0.030509
Body_431	24962	0.04	0.1498	0.030509
Body_431	24963	0.05425	0.1498	0.030509
Body_431	24964	0.0495	0.1498	0.030509
Body_431	24965	0.04475	0.1498	0.030509
Body_431	24966			
Body_431	24967			
Body_431	24968			
Body_431	24969			
Body_434	25276	0.019	0.2498	0.030509
Body_434	25277	0.0	0.2498	0.030509
Body_434	25278	0.01425	0.2498	0.030509
Body_434	25279	0.0095	0.2498	0.030509
Body_434	25280	0.00475	0.2498	0.030509
Body_434	25281			
Body_434	25282			
Body_434	25283			
Body_434	25284			
Body_437	25321	0.039	0.2498	0.030509
Body_437	25322	0.02	0.2498	0.030509
Body_437	25323	0.03425	0.2498	0.030509
Body_437	25324	0.0295	0.2498	0.030509
Body_437	25325	0.02475	0.2498	0.030509
Body_437	25326			
Body_437	25327			
Body_437	25328			
Body_437	25329			
Body_440	25420	0.059	0.2498	0.030509
Body_440	25421	0.04	0.2498	0.030509
Body_440	25422	0.05425	0.2498	0.030509
Body_440	25423	0.0495	0.2498	0.030509
Body_440	25424	0.04475	0.2498	0.030509
Body_440	25425			
Body_440	25426			
Body_440	25427			
Body_440	25428			
Body_65	24736	0.019	0.0078019	0.016231
Body_65	24737	0.0	0.0078019	0.016231
Body_65	24738	0.01425	0.0078019	0.016231
Body_65	24739	0.0095	0.0078019	0.016231
Body_65	24740	0.00475	0.0078019	0.016231
Body_65	24741			
Body_65	24742			
Body_65	24743			
Body_65	24744			
Body_68	24727	0.039	0.0078019	0.016231
Body_68	24728	0.02	0.0078019	0.016231
Body_68	24729	0.03425	0.0078019	0.016231
Body_68	24730	0.0295	0.0078019	0.016231
Body_68	24731	0.02475	0.0078019	0.016231
Body_68	24732			
Body_68	24733			
Body_68	24734			
Body_68	24735			
Body_71	24718	0.059	0.0078019	0.016231
Body_71	24719	0.04	0.0078019	0.016231
Body_71	24720	0.05425	0.0078019	0.016231
Body_71	24721	0.0495	0.0078019	0.016231
Body_71	24722	0.04475	0.0078019	0.016231
Body_71	24723			
Body_71	24724			
Body_71	24725			
Body_71	24726			
Body_74	24799	0.019	0.1078	0.016231
Body_74	24800	0.0	0.1078	0.016231
Body_74	24801	0.01425	0.1078	0.016231
Body_74	24802	0.0095	0.1078	0.016231
Body_74	24803	0.00475	0.1078	0.016231
Body_74	24804			
Body_74	24805			
Body_74	24806			
Body_74	24807			
Body_77	24898	0.039	0.1078	0.016231
Body_77	24899	0.02	0.1078	0.016231
Body_77	24900	0.03425	0.1078	0.016231
Body_77	24901	0.0295	0.1078	0.016231
Body_77	24902	0.02475	0.1078	0.016231
Body_77	24903			
Body_77	24904			
Body_77	24905			
Body_77	24906			
Body_80	24907	0.059	0.1078	0.016231
Body_80	24908	0.04	0.1078	0.016231
Body_80	24909	0.05425	0.1078	0.016231
Body_80	24910	0.0495	0.1078	0.016231
Body_80	24911	0.04475	0.1078	0.016231
Body_80	24912			
Body_80	24913			
Body_80	24914			
Body_80	24915			
Body_83	25222	0.019	0.2078	0.016231
Body_83	25223	0.0	0.2078	0.016231
Body_83	25224	0.01425	0.2078	0.016231
Body_83	25225	0.0095	0.2078	0.016231
Body_83	25226	0.00475	0.2078	0.016231
Body_83	25227			
Body_83	25228			
Body_83	25229			
Body_83	25230			
Body_86	25213	0.039	0.2078	0.016231
Body_86	25214	0.02	0.2078	0.016231
Body_86	25215	0.03425	0.2078	0.016231
Body_86	25216	0.0295	0.2078	0.016231
Body_86	25217	0.02475	0.2078	0.016231
Body_86	25218			
Body_86	25219			
Body_86	25220			
Body_86	25221			
Body_89	25204	0.059	0.2078	0.016231
Body_89	25205	0.04	0.2078	0.016231
Body_89	25206	0.05425	0.2078	0.016231
Body_89	25207	0.0495	0.2078	0.016231
Body_89	25208	0.04475	0.2078	0.016231
Body_89	25209			
Body_89	25210			
Body_89	25211			
Body_89	25212			
Body_92	24448	0.019	0.091804	0.016529
Body_92	24449	0.0	0.091804	0.016529
Body_92	24450	0.01425	0.091804	0.016529
Body_92	24451	0.0095	0.091804	0.016529
Body_92	24452	0.00475	0.091804	0.016529
Body_92	24453			
Body_92	24454			
Body_92	24455			
Body_92	24456			
Body_95	24421	0.039	0.091804	0.016529
Body_95	24422	0.02	0.091804	0.016529
Body_95	24423	0.03425	0.091804	0.016529
Body_95	24424	0.0295	0.091804	0.016529
Body_95	24425	0.02475	0.091804	0.016529
Body_95	24426			
Body_95	24427			
Body_95	24428			
Body_95	24429			
Body_98	24367	0.059	0.091804	0.016529
Body_98	24368	0.04	0.091804	0.016529
Body_98	24369	0.05425	0.091804	0.016529
Body_98	24370	0.0495	0.091804	0.016529
Body_98	24371	0.04475	0.091804	0.016529
Body_98	24372			
Body_98	24373			
Body_98	24374			
Body_98	24375			
