BodyID	Node	X	Y	Z
-340441.0	24367	0.059	0.091804	0.016529
-340441.0	24368	0.04	0.091804	0.016529
-340441.0	24369	0.05425	0.091804	0.016529
-340441.0	24370	0.0495	0.091804	0.016529
-340441.0	24371	0.04475	0.091804	0.016529
-340441.0	24373			
-340441.0	24374			
-340441.0	24375			
-340441.0	24372			
-340439.0	24377	0.04	0.098988	0.010367
-340439.0	24376	0.059	0.098988	0.010367
-340439.0	24378	0.05425	0.098988	0.010367
-340439.0	24380	0.04475	0.098988	0.010367
-340439.0	24379	0.0495	0.098988	0.010367
-340439.0	24381			
-340439.0	24384			
-340439.0	24382			
-340439.0	24383			
-340437.0	24387	0.05425	0.084804	0.021166
-340437.0	24386	0.04	0.084804	0.021166
-340437.0	24391			
-340437.0	24388	0.0495	0.084804	0.021166
-340437.0	24389	0.04475	0.084804	0.021166
-340437.0	24390			
-340437.0	24385	0.059	0.084804	0.021166
-340437.0	24392			
-340437.0	24393			
-340435.0	24394	0.059	0.077804	0.024705
-340435.0	24398	0.04475	0.077804	0.024705
-340435.0	24400			
-340435.0	24401			
-340435.0	24399			
-340435.0	24395	0.04	0.077804	0.024705
-340435.0	24402			
-340435.0	24397	0.0495	0.077804	0.024705
-340435.0	24396	0.05425	0.077804	0.024705
-340433.0	24404	0.02	0.077804	0.024705
-340433.0	24408			
-340433.0	24410			
-340433.0	24405	0.03425	0.077804	0.024705
-340433.0	24403	0.039	0.077804	0.024705
-340433.0	24411			
-340433.0	24406	0.0295	0.077804	0.024705
-340433.0	24407	0.02475	0.077804	0.024705
-340433.0	24409			
-340431.0	24420			
-340431.0	24414	0.03425	0.084804	0.021166
-340431.0	24413	0.02	0.084804	0.021166
-340431.0	24417			
-340431.0	24415	0.0295	0.084804	0.021166
-340431.0	24416	0.02475	0.084804	0.021166
-340431.0	24412	0.039	0.084804	0.021166
-340431.0	24419			
-340431.0	24418			
-340429.0	24423	0.03425	0.091804	0.016529
-340429.0	24424	0.0295	0.091804	0.016529
-340429.0	24421	0.039	0.091804	0.016529
-340429.0	24422	0.02	0.091804	0.016529
-340429.0	24427			
-340429.0	24429			
-340429.0	24428			
-340429.0	24425	0.02475	0.091804	0.016529
-340429.0	24426			
-340427.0	24437			
-340427.0	24432	0.03425	0.098988	0.010367
-340427.0	24431	0.02	0.098988	0.010367
-340427.0	24430	0.039	0.098988	0.010367
-340427.0	24436			
-340427.0	24438			
-340427.0	24435			
-340427.0	24433	0.0295	0.098988	0.010367
-340427.0	24434	0.02475	0.098988	0.010367
-340425.0	24447			
-340425.0	24444			
-340425.0	24445			
-340425.0	24442	0.0095	0.098988	0.010367
-340425.0	24443	0.00475	0.098988	0.010367
-340425.0	24439	0.019	0.098988	0.010367
-340425.0	24441	0.01425	0.098988	0.010367
-340425.0	24440	0.0	0.098988	0.010367
-340425.0	24446			
-340423.0	24455			
-340423.0	24453			
-340423.0	24450	0.01425	0.091804	0.016529
-340423.0	24451	0.0095	0.091804	0.016529
-340423.0	24456			
-340423.0	24449	0.0	0.091804	0.016529
-340423.0	24448	0.019	0.091804	0.016529
-340423.0	24454			
-340423.0	24452	0.00475	0.091804	0.016529
-340421.0	24463			
-340421.0	24458	0.0	0.084804	0.021166
-340421.0	24459	0.01425	0.084804	0.021166
-340421.0	24464			
-340421.0	24465			
-340421.0	24457	0.019	0.084804	0.021166
-340421.0	24461	0.00475	0.084804	0.021166
-340421.0	24460	0.0095	0.084804	0.021166
-340421.0	24462			
-340419.0	24474			
-340419.0	24467	0.0	0.077804	0.024705
-340419.0	24472			
-340419.0	24473			
-340419.0	24466	0.019	0.077804	0.024705
-340419.0	24471			
-340419.0	24468	0.01425	0.077804	0.024705
-340419.0	24469	0.0095	0.077804	0.024705
-340419.0	24470	0.00475	0.077804	0.024705
-340417.0	24478	0.0295	0.070803	0.027323
-340417.0	24477	0.03425	0.070803	0.027323
-340417.0	24476	0.02	0.070803	0.027323
-340417.0	24475	0.039	0.070803	0.027323
-340417.0	24482			
-340417.0	24483			
-340417.0	24480			
-340417.0	24479	0.02475	0.070803	0.027323
-340417.0	24481			
-340415.0	24486	0.05425	0.070803	0.027323
-340415.0	24492			
-340415.0	24485	0.04	0.070803	0.027323
-340415.0	24490			
-340415.0	24491			
-340415.0	24484	0.059	0.070803	0.027323
-340415.0	24487	0.0495	0.070803	0.027323
-340415.0	24488	0.04475	0.070803	0.027323
-340415.0	24489			
-340413.0	24494	0.04	0.063803	0.029125
-340413.0	24493	0.059	0.063803	0.029125
-340413.0	24496	0.0495	0.063803	0.029125
-340413.0	24497	0.04475	0.063803	0.029125
-340413.0	24495	0.05425	0.063803	0.029125
-340413.0	24499			
-340413.0	24498			
-340413.0	24501			
-340413.0	24500			
-340411.0	24503	0.02	0.063803	0.029125
-340411.0	24502	0.039	0.063803	0.029125
-340411.0	24505	0.0295	0.063803	0.029125
-340411.0	24504	0.03425	0.063803	0.029125
-340411.0	24506	0.02475	0.063803	0.029125
-340411.0	24507			
-340411.0	24508			
-340411.0	24509			
-340411.0	24510			
-340409.0	24519			
-340409.0	24512	0.0	0.063803	0.029125
-340409.0	24511	0.019	0.063803	0.029125
-340409.0	24514	0.0095	0.063803	0.029125
-340409.0	24515	0.00475	0.063803	0.029125
-340409.0	24516			
-340409.0	24517			
-340409.0	24518			
-340409.0	24513	0.01425	0.063803	0.029125
-340407.0	24520	0.019	0.070803	0.027323
-340407.0	24521	0.0	0.070803	0.027323
-340407.0	24522	0.01425	0.070803	0.027323
-340407.0	24523	0.0095	0.070803	0.027323
-340407.0	24524	0.00475	0.070803	0.027323
-340407.0	24525			
-340407.0	24526			
-340407.0	24527			
-340407.0	24528			
-340405.0	24534			
-340405.0	24531	0.05425	0.056803	0.030176
-340405.0	24530	0.04	0.056803	0.030176
-340405.0	24537			
-340405.0	24535			
-340405.0	24529	0.059	0.056803	0.030176
-340405.0	24536			
-340405.0	24533	0.04475	0.056803	0.030176
-340405.0	24532	0.0495	0.056803	0.030176
-340403.0	24538	0.039	0.056803	0.030176
-340403.0	24545			
-340403.0	24544			
-340403.0	24543			
-340403.0	24541	0.0295	0.056803	0.030176
-340403.0	24542	0.02475	0.056803	0.030176
-340403.0	24540	0.03425	0.056803	0.030176
-340403.0	24546			
-340403.0	24539	0.02	0.056803	0.030176
-340401.0	24551	0.00475	0.056803	0.030176
-340401.0	24553			
-340401.0	24554			
-340401.0	24549	0.01425	0.056803	0.030176
-340401.0	24550	0.0095	0.056803	0.030176
-340401.0	24548	0.0	0.056803	0.030176
-340401.0	24552			
-340401.0	24547	0.019	0.056803	0.030176
-340401.0	24555			
-340399.0	24564			
-340399.0	24557	0.0	0.049803	0.030509
-340399.0	24560	0.00475	0.049803	0.030509
-340399.0	24561			
-340399.0	24558	0.01425	0.049803	0.030509
-340399.0	24559	0.0095	0.049803	0.030509
-340399.0	24556	0.019	0.049803	0.030509
-340399.0	24563			
-340399.0	24562			
-340397.0	24570			
-340397.0	24571			
-340397.0	24569	0.02475	0.049803	0.030509
-340397.0	24567	0.03425	0.049803	0.030509
-340397.0	24565	0.039	0.049803	0.030509
-340397.0	24568	0.0295	0.049803	0.030509
-340397.0	24573			
-340397.0	24566	0.02	0.049803	0.030509
-340397.0	24572			
-340395.0	24577	0.0495	0.049803	0.030509
-340395.0	24576	0.05425	0.049803	0.030509
-340395.0	24575	0.04	0.049803	0.030509
-340395.0	24582			
-340395.0	24578	0.04475	0.049803	0.030509
-340395.0	24579			
-340395.0	24580			
-340395.0	24574	0.059	0.049803	0.030509
-340395.0	24581			
-340393.0	24589			
-340393.0	24587	0.04475	0.042803	0.030136
-340393.0	24588			
-340393.0	24584	0.04	0.042803	0.030136
-340393.0	24585	0.05425	0.042803	0.030136
-340393.0	24586	0.0495	0.042803	0.030136
-340393.0	24583	0.059	0.042803	0.030136
-340393.0	24590			
-340393.0	24591			
-340391.0	24599			
-340391.0	24594	0.03425	0.042803	0.030136
-340391.0	24596	0.02475	0.042803	0.030136
-340391.0	24597			
-340391.0	24598			
-340391.0	24600			
-340391.0	24595	0.0295	0.042803	0.030136
-340391.0	24592	0.039	0.042803	0.030136
-340391.0	24593	0.02	0.042803	0.030136
-340389.0	24609			
-340389.0	24606			
-340389.0	24602	0.0	0.042803	0.030136
-340389.0	24607			
-340389.0	24601	0.019	0.042803	0.030136
-340389.0	24603	0.01425	0.042803	0.030136
-340389.0	24608			
-340389.0	24604	0.0095	0.042803	0.030136
-340389.0	24605	0.00475	0.042803	0.030136
-340387.0	24610	0.039	0.035803	0.029044
-340387.0	24611	0.02	0.035803	0.029044
-340387.0	24614	0.02475	0.035803	0.029044
-340387.0	24612	0.03425	0.035803	0.029044
-340387.0	24617			
-340387.0	24616			
-340387.0	24618			
-340387.0	24613	0.0295	0.035803	0.029044
-340387.0	24615			
-340385.0	24620	0.0	0.035803	0.029044
-340385.0	24622	0.0095	0.035803	0.029044
-340385.0	24623	0.00475	0.035803	0.029044
-340385.0	24624			
-340385.0	24625			
-340385.0	24626			
-340385.0	24627			
-340385.0	24619	0.019	0.035803	0.029044
-340385.0	24621	0.01425	0.035803	0.029044
-340383.0	24628	0.059	0.035803	0.029044
-340383.0	24635			
-340383.0	24629	0.04	0.035803	0.029044
-340383.0	24630	0.05425	0.035803	0.029044
-340383.0	24631	0.0495	0.035803	0.029044
-340383.0	24632	0.04475	0.035803	0.029044
-340383.0	24633			
-340383.0	24636			
-340383.0	24634			
-340381.0	24641	0.04475	0.028803	0.027198
-340381.0	24638	0.04	0.028803	0.027198
-340381.0	24637	0.059	0.028803	0.027198
-340381.0	24643			
-340381.0	24645			
-340381.0	24644			
-340381.0	24639	0.05425	0.028803	0.027198
-340381.0	24640	0.0495	0.028803	0.027198
-340381.0	24642			
-340379.0	24646	0.039	0.028803	0.027198
-340379.0	24653			
-340379.0	24650	0.02475	0.028803	0.027198
-340379.0	24651			
-340379.0	24652			
-340379.0	24647	0.02	0.028803	0.027198
-340379.0	24648	0.03425	0.028803	0.027198
-340379.0	24654			
-340379.0	24649	0.0295	0.028803	0.027198
-340377.0	24662			
-340377.0	24663			
-340377.0	24661			
-340377.0	24660			
-340377.0	24659	0.00475	0.028803	0.027198
-340377.0	24658	0.0095	0.028803	0.027198
-340377.0	24655	0.019	0.028803	0.027198
-340377.0	24657	0.01425	0.028803	0.027198
-340377.0	24656	0.0	0.028803	0.027198
-340375.0	24670			
-340375.0	24671			
-340375.0	24669			
-340375.0	24672			
-340375.0	24666	0.01425	0.021802	0.024532
-340375.0	24664	0.019	0.021802	0.024532
-340375.0	24667	0.0095	0.021802	0.024532
-340375.0	24668	0.00475	0.021802	0.024532
-340375.0	24665	0.0	0.021802	0.024532
-340373.0	24678			
-340373.0	24673	0.039	0.021802	0.024532
-340373.0	24674	0.02	0.021802	0.024532
-340373.0	24680			
-340373.0	24675	0.03425	0.021802	0.024532
-340373.0	24677	0.02475	0.021802	0.024532
-340373.0	24676	0.0295	0.021802	0.024532
-340373.0	24681			
-340373.0	24679			
-340371.0	24683	0.04	0.021802	0.024532
-340371.0	24690			
-340371.0	24687			
-340371.0	24684	0.05425	0.021802	0.024532
-340371.0	24685	0.0495	0.021802	0.024532
-340371.0	24686	0.04475	0.021802	0.024532
-340371.0	24689			
-340371.0	24688			
-340371.0	24682	0.059	0.021802	0.024532
-340369.0	24699			
-340369.0	24691	0.039	0.014802	0.020937
-340369.0	24692	0.02	0.014802	0.020937
-340369.0	24693	0.03425	0.014802	0.020937
-340369.0	24694	0.0295	0.014802	0.020937
-340369.0	24695	0.02475	0.014802	0.020937
-340369.0	24696			
-340369.0	24697			
-340369.0	24698			
-340367.0	24707			
-340367.0	24700	0.019	0.014802	0.020937
-340367.0	24702	0.01425	0.014802	0.020937
-340367.0	24701	0.0	0.014802	0.020937
-340367.0	24705			
-340367.0	24704	0.00475	0.014802	0.020937
-340367.0	24706			
-340367.0	24703	0.0095	0.014802	0.020937
-340367.0	24708			
-340365.0	24709	0.059	0.014802	0.020937
-340365.0	24716			
-340365.0	24715			
-340365.0	24713	0.04475	0.014802	0.020937
-340365.0	24714			
-340365.0	24717			
-340365.0	24711	0.05425	0.014802	0.020937
-340365.0	24710	0.04	0.014802	0.020937
-340365.0	24712	0.0495	0.014802	0.020937
-340363.0	24726			
-340363.0	24718	0.059	0.0078019	0.016231
-340363.0	24722	0.04475	0.0078019	0.016231
-340363.0	24721	0.0495	0.0078019	0.016231
-340363.0	24720	0.05425	0.0078019	0.016231
-340363.0	24719	0.04	0.0078019	0.016231
-340363.0	24724			
-340363.0	24725			
-340363.0	24723			
-340361.0	24727	0.039	0.0078019	0.016231
-340361.0	24735			
-340361.0	24732			
-340361.0	24733			
-340361.0	24734			
-340361.0	24730	0.0295	0.0078019	0.016231
-340361.0	24728	0.02	0.0078019	0.016231
-340361.0	24729	0.03425	0.0078019	0.016231
-340361.0	24731	0.02475	0.0078019	0.016231
-340359.0	24742			
-340359.0	24737	0.0	0.0078019	0.016231
-340359.0	24736	0.019	0.0078019	0.016231
-340359.0	24738	0.01425	0.0078019	0.016231
-340359.0	24744			
-340359.0	24741			
-340359.0	24739	0.0095	0.0078019	0.016231
-340359.0	24740	0.00475	0.0078019	0.016231
-340359.0	24743			
-340357.0	24750			
-340357.0	24753			
-340357.0	24752			
-340357.0	24746	0.0	0.00080961	0.010193
-340357.0	24747	0.01425	0.00080961	0.010193
-340357.0	24749	0.00475	0.00080961	0.010193
-340357.0	24748	0.0095	0.00080961	0.010193
-340357.0	24745	0.019	0.00080961	0.010193
-340357.0	24751			
-340355.0	24755	0.02	0.00080961	0.010193
-340355.0	24754	0.039	0.00080961	0.010193
-340355.0	24762			
-340355.0	24761			
-340355.0	24760			
-340355.0	24759			
-340355.0	24758	0.02475	0.00080961	0.010193
-340355.0	24757	0.0295	0.00080961	0.010193
-340355.0	24756	0.03425	0.00080961	0.010193
-340353.0	24763	0.059	0.00080961	0.010193
-340353.0	24770			
-340353.0	24769			
-340353.0	24768			
-340353.0	24767	0.04475	0.00080961	0.010193
-340353.0	24766	0.0495	0.00080961	0.010193
-340353.0	24765	0.05425	0.00080961	0.010193
-340353.0	24764	0.04	0.00080961	0.010193
-340353.0	24771			
-340351.0	24775	0.0495	0.10081	0.010193
-340351.0	24778			
-340351.0	24776	0.04475	0.10081	0.010193
-340351.0	24777			
-340351.0	24779			
-340351.0	24774	0.05425	0.10081	0.010193
-340351.0	24772	0.059	0.10081	0.010193
-340351.0	24773	0.04	0.10081	0.010193
-340351.0	24780			
-340349.0	24784	0.0295	0.10081	0.010193
-340349.0	24783	0.03425	0.10081	0.010193
-340349.0	24785	0.02475	0.10081	0.010193
-340349.0	24781	0.039	0.10081	0.010193
-340349.0	24782	0.02	0.10081	0.010193
-340349.0	24786			
-340349.0	24787			
-340349.0	24788			
-340349.0	24789			
-340347.0	24791	0.0	0.10081	0.010193
-340347.0	24795			
-340347.0	24794	0.00475	0.10081	0.010193
-340347.0	24796			
-340347.0	24797			
-340347.0	24798			
-340347.0	24793	0.0095	0.10081	0.010193
-340347.0	24792	0.01425	0.10081	0.010193
-340347.0	24790	0.019	0.10081	0.010193
-340345.0	24803	0.00475	0.1078	0.016231
-340345.0	24802	0.0095	0.1078	0.016231
-340345.0	24801	0.01425	0.1078	0.016231
-340345.0	24800	0.0	0.1078	0.016231
-340345.0	24799	0.019	0.1078	0.016231
-340345.0	24806			
-340345.0	24804			
-340345.0	24805			
-340345.0	24807			
-340343.0	24812	0.00475	0.1148	0.020937
-340343.0	24816			
-340343.0	24809	0.0	0.1148	0.020937
-340343.0	24813			
-340343.0	24808	0.019	0.1148	0.020937
-340343.0	24811	0.0095	0.1148	0.020937
-340343.0	24815			
-340343.0	24810	0.01425	0.1148	0.020937
-340343.0	24814			
-340341.0	24820	0.0095	0.1218	0.024532
-340341.0	24818	0.0	0.1218	0.024532
-340341.0	24817	0.019	0.1218	0.024532
-340341.0	24824			
-340341.0	24822			
-340341.0	24821	0.00475	0.1218	0.024532
-340341.0	24819	0.01425	0.1218	0.024532
-340341.0	24825			
-340341.0	24823			
-340339.0	24827	0.0	0.1288	0.027198
-340339.0	24834			
-340339.0	24826	0.019	0.1288	0.027198
-340339.0	24828	0.01425	0.1288	0.027198
-340339.0	24829	0.0095	0.1288	0.027198
-340339.0	24830	0.00475	0.1288	0.027198
-340339.0	24831			
-340339.0	24832			
-340339.0	24833			
-340337.0	24835	0.019	0.1358	0.029044
-340337.0	24836	0.0	0.1358	0.029044
-340337.0	24837	0.01425	0.1358	0.029044
-340337.0	24838	0.0095	0.1358	0.029044
-340337.0	24839	0.00475	0.1358	0.029044
-340337.0	24840			
-340337.0	24841			
-340337.0	24843			
-340337.0	24842			
-340335.0	24852			
-340335.0	24847	0.0095	0.1428	0.030136
-340335.0	24851			
-340335.0	24846	0.01425	0.1428	0.030136
-340335.0	24844	0.019	0.1428	0.030136
-340335.0	24850			
-340335.0	24848	0.00475	0.1428	0.030136
-340335.0	24845	0.0	0.1428	0.030136
-340335.0	24849			
-340333.0	24857	0.02475	0.1428	0.030136
-340333.0	24859			
-340333.0	24856	0.0295	0.1428	0.030136
-340333.0	24855	0.03425	0.1428	0.030136
-340333.0	24854	0.02	0.1428	0.030136
-340333.0	24858			
-340333.0	24853	0.039	0.1428	0.030136
-340333.0	24860			
-340333.0	24861			
-340331.0	24866	0.02475	0.1358	0.029044
-340331.0	24864	0.03425	0.1358	0.029044
-340331.0	24865	0.0295	0.1358	0.029044
-340331.0	24862	0.039	0.1358	0.029044
-340331.0	24863	0.02	0.1358	0.029044
-340331.0	24868			
-340331.0	24869			
-340331.0	24867			
-340331.0	24870			
-340329.0	24879			
-340329.0	24878			
-340329.0	24877			
-340329.0	24876			
-340329.0	24875	0.02475	0.1288	0.027198
-340329.0	24873	0.03425	0.1288	0.027198
-340329.0	24871	0.039	0.1288	0.027198
-340329.0	24872	0.02	0.1288	0.027198
-340329.0	24874	0.0295	0.1288	0.027198
-340327.0	24888			
-340327.0	24886			
-340327.0	24885			
-340327.0	24880	0.039	0.1218	0.024532
-340327.0	24881	0.02	0.1218	0.024532
-340327.0	24882	0.03425	0.1218	0.024532
-340327.0	24884	0.02475	0.1218	0.024532
-340327.0	24883	0.0295	0.1218	0.024532
-340327.0	24887			
-340325.0	24889	0.039	0.1148	0.020937
-340325.0	24896			
-340325.0	24895			
-340325.0	24894			
-340325.0	24892	0.0295	0.1148	0.020937
-340325.0	24893	0.02475	0.1148	0.020937
-340325.0	24897			
-340325.0	24890	0.02	0.1148	0.020937
-340325.0	24891	0.03425	0.1148	0.020937
-340323.0	24906			
-340323.0	24903			
-340323.0	24900	0.03425	0.1078	0.016231
-340323.0	24902	0.02475	0.1078	0.016231
-340323.0	24901	0.0295	0.1078	0.016231
-340323.0	24899	0.02	0.1078	0.016231
-340323.0	24904			
-340323.0	24898	0.039	0.1078	0.016231
-340323.0	24905			
-340321.0	24908	0.04	0.1078	0.016231
-340321.0	24909	0.05425	0.1078	0.016231
-340321.0	24910	0.0495	0.1078	0.016231
-340321.0	24911	0.04475	0.1078	0.016231
-340321.0	24912			
-340321.0	24913			
-340321.0	24914			
-340321.0	24907	0.059	0.1078	0.016231
-340321.0	24915			
-340319.0	24924			
-340319.0	24918	0.05425	0.1148	0.020937
-340319.0	24917	0.04	0.1148	0.020937
-340319.0	24920	0.04475	0.1148	0.020937
-340319.0	24921			
-340319.0	24922			
-340319.0	24919	0.0495	0.1148	0.020937
-340319.0	24916	0.059	0.1148	0.020937
-340319.0	24923			
-340317.0	24927	0.05425	0.1218	0.024532
-340317.0	24933			
-340317.0	24930			
-340317.0	24929	0.04475	0.1218	0.024532
-340317.0	24931			
-340317.0	24932			
-340317.0	24926	0.04	0.1218	0.024532
-340317.0	24925	0.059	0.1218	0.024532
-340317.0	24928	0.0495	0.1218	0.024532
-340315.0	24941			
-340315.0	24938	0.04475	0.1288	0.027198
-340315.0	24939			
-340315.0	24937	0.0495	0.1288	0.027198
-340315.0	24934	0.059	0.1288	0.027198
-340315.0	24940			
-340315.0	24942			
-340315.0	24935	0.04	0.1288	0.027198
-340315.0	24936	0.05425	0.1288	0.027198
-340313.0	24947	0.04475	0.1358	0.029044
-340313.0	24949			
-340313.0	24950			
-340313.0	24948			
-340313.0	24944	0.04	0.1358	0.029044
-340313.0	24945	0.05425	0.1358	0.029044
-340313.0	24946	0.0495	0.1358	0.029044
-340313.0	24943	0.059	0.1358	0.029044
-340313.0	24951			
-340311.0	24960			
-340311.0	24953	0.04	0.1428	0.030136
-340311.0	24954	0.05425	0.1428	0.030136
-340311.0	24959			
-340311.0	24958			
-340311.0	24957			
-340311.0	24956	0.04475	0.1428	0.030136
-340311.0	24955	0.0495	0.1428	0.030136
-340311.0	24952	0.059	0.1428	0.030136
-340309.0	24966			
-340309.0	24968			
-340309.0	24969			
-340309.0	24964	0.0495	0.1498	0.030509
-340309.0	24962	0.04	0.1498	0.030509
-340309.0	24963	0.05425	0.1498	0.030509
-340309.0	24965	0.04475	0.1498	0.030509
-340309.0	24967			
-340309.0	24961	0.059	0.1498	0.030509
-340307.0	24970	0.039	0.1498	0.030509
-340307.0	24971	0.02	0.1498	0.030509
-340307.0	24978			
-340307.0	24976			
-340307.0	24977			
-340307.0	24973	0.0295	0.1498	0.030509
-340307.0	24974	0.02475	0.1498	0.030509
-340307.0	24972	0.03425	0.1498	0.030509
-340307.0	24975			
-340305.0	24979	0.019	0.1498	0.030509
-340305.0	24986			
-340305.0	24985			
-340305.0	24984			
-340305.0	24983	0.00475	0.1498	0.030509
-340305.0	24982	0.0095	0.1498	0.030509
-340305.0	24981	0.01425	0.1498	0.030509
-340305.0	24980	0.0	0.1498	0.030509
-340305.0	24987			
-340303.0	24996			
-340303.0	24990	0.01425	0.1568	0.030176
-340303.0	24989	0.0	0.1568	0.030176
-340303.0	24992	0.00475	0.1568	0.030176
-340303.0	24993			
-340303.0	24994			
-340303.0	24991	0.0095	0.1568	0.030176
-340303.0	24988	0.019	0.1568	0.030176
-340303.0	24995			
-340301.0	25000	0.0295	0.1568	0.030176
-340301.0	24997	0.039	0.1568	0.030176
-340301.0	25002			
-340301.0	25001	0.02475	0.1568	0.030176
-340301.0	25003			
-340301.0	24998	0.02	0.1568	0.030176
-340301.0	25004			
-340301.0	25005			
-340301.0	24999	0.03425	0.1568	0.030176
-340299.0	25013			
-340299.0	25010	0.04475	0.1568	0.030176
-340299.0	25011			
-340299.0	25014			
-340299.0	25012			
-340299.0	25006	0.059	0.1568	0.030176
-340299.0	25009	0.0495	0.1568	0.030176
-340299.0	25007	0.04	0.1568	0.030176
-340299.0	25008	0.05425	0.1568	0.030176
-340297.0	25020			
-340297.0	25018	0.0495	0.1638	0.029125
-340297.0	25017	0.05425	0.1638	0.029125
-340297.0	25015	0.059	0.1638	0.029125
-340297.0	25016	0.04	0.1638	0.029125
-340297.0	25023			
-340297.0	25021			
-340297.0	25022			
-340297.0	25019	0.04475	0.1638	0.029125
-340295.0	25032			
-340295.0	25030			
-340295.0	25029			
-340295.0	25028	0.02475	0.1638	0.029125
-340295.0	25026	0.03425	0.1638	0.029125
-340295.0	25031			
-340295.0	25027	0.0295	0.1638	0.029125
-340295.0	25025	0.02	0.1638	0.029125
-340295.0	25024	0.039	0.1638	0.029125
-340293.0	25034	0.0	0.1638	0.029125
-340293.0	25033	0.019	0.1638	0.029125
-340293.0	25036	0.0095	0.1638	0.029125
-340293.0	25037	0.00475	0.1638	0.029125
-340293.0	25039			
-340293.0	25041			
-340293.0	25040			
-340293.0	25038			
-340293.0	25035	0.01425	0.1638	0.029125
-340291.0	25050			
-340291.0	25042	0.019	0.1708	0.027323
-340291.0	25049			
-340291.0	25048			
-340291.0	25047			
-340291.0	25046	0.00475	0.1708	0.027323
-340291.0	25045	0.0095	0.1708	0.027323
-340291.0	25044	0.01425	0.1708	0.027323
-340291.0	25043	0.0	0.1708	0.027323
-340289.0	25059			
-340289.0	25052	0.02	0.1708	0.027323
-340289.0	25054	0.0295	0.1708	0.027323
-340289.0	25053	0.03425	0.1708	0.027323
-340289.0	25057			
-340289.0	25056			
-340289.0	25058			
-340289.0	25055	0.02475	0.1708	0.027323
-340289.0	25051	0.039	0.1708	0.027323
-340287.0	25067			
-340287.0	25065			
-340287.0	25066			
-340287.0	25063	0.0495	0.1708	0.027323
-340287.0	25062	0.05425	0.1708	0.027323
-340287.0	25061	0.04	0.1708	0.027323
-340287.0	25064	0.04475	0.1708	0.027323
-340287.0	25068			
-340287.0	25060	0.059	0.1708	0.027323
-340285.0	25075			
-340285.0	25076			
-340285.0	25074			
-340285.0	25072	0.0495	0.1778	0.024705
-340285.0	25071	0.05425	0.1778	0.024705
-340285.0	25077			
-340285.0	25070	0.04	0.1778	0.024705
-340285.0	25073	0.04475	0.1778	0.024705
-340285.0	25069	0.059	0.1778	0.024705
-340283.0	25083			
-340283.0	25078	0.039	0.1778	0.024705
-340283.0	25081	0.0295	0.1778	0.024705
-340283.0	25080	0.03425	0.1778	0.024705
-340283.0	25082	0.02475	0.1778	0.024705
-340283.0	25086			
-340283.0	25084			
-340283.0	25085			
-340283.0	25079	0.02	0.1778	0.024705
-340281.0	25087	0.019	0.1778	0.024705
-340281.0	25093			
-340281.0	25092			
-340281.0	25089	0.01425	0.1778	0.024705
-340281.0	25088	0.0	0.1778	0.024705
-340281.0	25090	0.0095	0.1778	0.024705
-340281.0	25094			
-340281.0	25091	0.00475	0.1778	0.024705
-340281.0	25095			
-340279.0	25099	0.0495	0.19899	0.010367
-340279.0	25097	0.04	0.19899	0.010367
-340279.0	25096	0.059	0.19899	0.010367
-340279.0	25104			
-340279.0	25101			
-340279.0	25102			
-340279.0	25100	0.04475	0.19899	0.010367
-340279.0	25103			
-340279.0	25098	0.05425	0.19899	0.010367
-340277.0	25112			
-340277.0	25110			
-340277.0	25108	0.0495	0.20081	0.010193
-340277.0	25106	0.04	0.20081	0.010193
-340277.0	25105	0.059	0.20081	0.010193
-340277.0	25111			
-340277.0	25107	0.05425	0.20081	0.010193
-340277.0	25109	0.04475	0.20081	0.010193
-340277.0	25113			
-340275.0	25115	0.02	0.20081	0.010193
-340275.0	25121			
-340275.0	25116	0.03425	0.20081	0.010193
-340275.0	25118	0.02475	0.20081	0.010193
-340275.0	25117	0.0295	0.20081	0.010193
-340275.0	25122			
-340275.0	25120			
-340275.0	25119			
-340275.0	25114	0.039	0.20081	0.010193
-340273.0	25131			
-340273.0	25124	0.02	0.19899	0.010367
-340273.0	25125	0.03425	0.19899	0.010367
-340273.0	25126	0.0295	0.19899	0.010367
-340273.0	25127	0.02475	0.19899	0.010367
-340273.0	25128			
-340273.0	25130			
-340273.0	25129			
-340273.0	25123	0.039	0.19899	0.010367
-340271.0	25140			
-340271.0	25134	0.01425	0.20081	0.010193
-340271.0	25132	0.019	0.20081	0.010193
-340271.0	25137			
-340271.0	25136	0.00475	0.20081	0.010193
-340271.0	25138			
-340271.0	25133	0.0	0.20081	0.010193
-340271.0	25135	0.0095	0.20081	0.010193
-340271.0	25139			
-340269.0	25141	0.019	0.19899	0.010367
-340269.0	25147			
-340269.0	25143	0.01425	0.19899	0.010367
-340269.0	25146			
-340269.0	25145	0.00475	0.19899	0.010367
-340269.0	25144	0.0095	0.19899	0.010367
-340269.0	25148			
-340269.0	25149			
-340269.0	25142	0.0	0.19899	0.010367
-340267.0	25158			
-340267.0	25154	0.00475	0.1918	0.016529
-340267.0	25151	0.0	0.1918	0.016529
-340267.0	25156			
-340267.0	25150	0.019	0.1918	0.016529
-340267.0	25153	0.0095	0.1918	0.016529
-340267.0	25157			
-340267.0	25155			
-340267.0	25152	0.01425	0.1918	0.016529
-340265.0	25159	0.019	0.1848	0.021166
-340265.0	25160	0.0	0.1848	0.021166
-340265.0	25161	0.01425	0.1848	0.021166
-340265.0	25163	0.00475	0.1848	0.021166
-340265.0	25166			
-340265.0	25165			
-340265.0	25167			
-340265.0	25164			
-340265.0	25162	0.0095	0.1848	0.021166
-340263.0	25174			
-340263.0	25176			
-340263.0	25173			
-340263.0	25170	0.03425	0.1848	0.021166
-340263.0	25169	0.02	0.1848	0.021166
-340263.0	25168	0.039	0.1848	0.021166
-340263.0	25175			
-340263.0	25172	0.02475	0.1848	0.021166
-340263.0	25171	0.0295	0.1848	0.021166
-340261.0	25178	0.02	0.1918	0.016529
-340261.0	25177	0.039	0.1918	0.016529
-340261.0	25185			
-340261.0	25184			
-340261.0	25180	0.0295	0.1918	0.016529
-340261.0	25181	0.02475	0.1918	0.016529
-340261.0	25182			
-340261.0	25183			
-340261.0	25179	0.03425	0.1918	0.016529
-340259.0	25187	0.04	0.1918	0.016529
-340259.0	25191			
-340259.0	25188	0.05425	0.1918	0.016529
-340259.0	25189	0.0495	0.1918	0.016529
-340259.0	25190	0.04475	0.1918	0.016529
-340259.0	25186	0.059	0.1918	0.016529
-340259.0	25192			
-340259.0	25194			
-340259.0	25193			
-340257.0	25201			
-340257.0	25196	0.04	0.1848	0.021166
-340257.0	25198	0.0495	0.1848	0.021166
-340257.0	25197	0.05425	0.1848	0.021166
-340257.0	25202			
-340257.0	25200			
-340257.0	25199	0.04475	0.1848	0.021166
-340257.0	25195	0.059	0.1848	0.021166
-340257.0	25203			
-340255.0	25211			
-340255.0	25205	0.04	0.2078	0.016231
-340255.0	25204	0.059	0.2078	0.016231
-340255.0	25207	0.0495	0.2078	0.016231
-340255.0	25208	0.04475	0.2078	0.016231
-340255.0	25209			
-340255.0	25206	0.05425	0.2078	0.016231
-340255.0	25210			
-340255.0	25212			
-340253.0	25214	0.02	0.2078	0.016231
-340253.0	25219			
-340253.0	25218			
-340253.0	25216	0.0295	0.2078	0.016231
-340253.0	25215	0.03425	0.2078	0.016231
-340253.0	25221			
-340253.0	25217	0.02475	0.2078	0.016231
-340253.0	25220			
-340253.0	25213	0.039	0.2078	0.016231
-340251.0	25227			
-340251.0	25223	0.0	0.2078	0.016231
-340251.0	25226	0.00475	0.2078	0.016231
-340251.0	25225	0.0095	0.2078	0.016231
-340251.0	25224	0.01425	0.2078	0.016231
-340251.0	25230			
-340251.0	25228			
-340251.0	25229			
-340251.0	25222	0.019	0.2078	0.016231
-340249.0	25238			
-340249.0	25237			
-340249.0	25236			
-340249.0	25231	0.019	0.2148	0.020937
-340249.0	25232	0.0	0.2148	0.020937
-340249.0	25234	0.0095	0.2148	0.020937
-340249.0	25233	0.01425	0.2148	0.020937
-340249.0	25239			
-340249.0	25235	0.00475	0.2148	0.020937
-340247.0	25243	0.0095	0.2218	0.024532
-340247.0	25241	0.0	0.2218	0.024532
-340247.0	25240	0.019	0.2218	0.024532
-340247.0	25248			
-340247.0	25245			
-340247.0	25246			
-340247.0	25244	0.00475	0.2218	0.024532
-340247.0	25247			
-340247.0	25242	0.01425	0.2218	0.024532
-340245.0	25256			
-340245.0	25251	0.01425	0.2288	0.027198
-340245.0	25255			
-340245.0	25249	0.019	0.2288	0.027198
-340245.0	25253	0.00475	0.2288	0.027198
-340245.0	25252	0.0095	0.2288	0.027198
-340245.0	25250	0.0	0.2288	0.027198
-340245.0	25254			
-340245.0	25257			
-340243.0	25265			
-340243.0	25260	0.01425	0.2358	0.029044
-340243.0	25261	0.0095	0.2358	0.029044
-340243.0	25264			
-340243.0	25266			
-340243.0	25263			
-340243.0	25262	0.00475	0.2358	0.029044
-340243.0	25259	0.0	0.2358	0.029044
-340243.0	25258	0.019	0.2358	0.029044
-340241.0	25274			
-340241.0	25273			
-340241.0	25272			
-340241.0	25271	0.00475	0.2428	0.030136
-340241.0	25270	0.0095	0.2428	0.030136
-340241.0	25269	0.01425	0.2428	0.030136
-340241.0	25268	0.0	0.2428	0.030136
-340241.0	25267	0.019	0.2428	0.030136
-340241.0	25275			
-340239.0	25276	0.019	0.2498	0.030509
-340239.0	25278	0.01425	0.2498	0.030509
-340239.0	25280	0.00475	0.2498	0.030509
-340239.0	25279	0.0095	0.2498	0.030509
-340239.0	25281			
-340239.0	25282			
-340239.0	25283			
-340239.0	25284			
-340239.0	25277	0.0	0.2498	0.030509
-340237.0	25286	0.0	0.2568	0.030176
-340237.0	25288	0.0095	0.2568	0.030176
-340237.0	25287	0.01425	0.2568	0.030176
-340237.0	25290			
-340237.0	25291			
-340237.0	25292			
-340237.0	25289	0.00475	0.2568	0.030176
-340237.0	25293			
-340237.0	25285	0.019	0.2568	0.030176
-340235.0	25302			
-340235.0	25295	0.0	0.2638	0.029125
-340235.0	25298	0.00475	0.2638	0.029125
-340235.0	25299			
-340235.0	25296	0.01425	0.2638	0.029125
-340235.0	25297	0.0095	0.2638	0.029125
-340235.0	25294	0.019	0.2638	0.029125
-340235.0	25301			
-340235.0	25300			
-340233.0	25303	0.039	0.2638	0.029125
-340233.0	25308			
-340233.0	25307	0.02475	0.2638	0.029125
-340233.0	25305	0.03425	0.2638	0.029125
-340233.0	25304	0.02	0.2638	0.029125
-340233.0	25310			
-340233.0	25311			
-340233.0	25309			
-340233.0	25306	0.0295	0.2638	0.029125
-340231.0	25316	0.02475	0.2568	0.030176
-340231.0	25317			
-340231.0	25319			
-340231.0	25318			
-340231.0	25312	0.039	0.2568	0.030176
-340231.0	25315	0.0295	0.2568	0.030176
-340231.0	25313	0.02	0.2568	0.030176
-340231.0	25314	0.03425	0.2568	0.030176
-340231.0	25320			
-340229.0	25324	0.0295	0.2498	0.030509
-340229.0	25325	0.02475	0.2498	0.030509
-340229.0	25321	0.039	0.2498	0.030509
-340229.0	25329			
-340229.0	25328			
-340229.0	25327			
-340229.0	25326			
-340229.0	25323	0.03425	0.2498	0.030509
-340229.0	25322	0.02	0.2498	0.030509
-340227.0	25338			
-340227.0	25335			
-340227.0	25330	0.039	0.2428	0.030136
-340227.0	25331	0.02	0.2428	0.030136
-340227.0	25332	0.03425	0.2428	0.030136
-340227.0	25334	0.02475	0.2428	0.030136
-340227.0	25333	0.0295	0.2428	0.030136
-340227.0	25337			
-340227.0	25336			
-340225.0	25340	0.02	0.2358	0.029044
-340225.0	25345			
-340225.0	25344			
-340225.0	25342	0.0295	0.2358	0.029044
-340225.0	25343	0.02475	0.2358	0.029044
-340225.0	25347			
-340225.0	25346			
-340225.0	25339	0.039	0.2358	0.029044
-340225.0	25341	0.03425	0.2358	0.029044
-340223.0	25353			
-340223.0	25350	0.03425	0.2288	0.027198
-340223.0	25352	0.02475	0.2288	0.027198
-340223.0	25351	0.0295	0.2288	0.027198
-340223.0	25349	0.02	0.2288	0.027198
-340223.0	25354			
-340223.0	25356			
-340223.0	25355			
-340223.0	25348	0.039	0.2288	0.027198
-340221.0	25359	0.03425	0.2218	0.024532
-340221.0	25358	0.02	0.2218	0.024532
-340221.0	25361	0.02475	0.2218	0.024532
-340221.0	25362			
-340221.0	25363			
-340221.0	25360	0.0295	0.2218	0.024532
-340221.0	25365			
-340221.0	25364			
-340221.0	25357	0.039	0.2218	0.024532
-340219.0	25366	0.039	0.2148	0.020937
-340219.0	25367	0.02	0.2148	0.020937
-340219.0	25370	0.02475	0.2148	0.020937
-340219.0	25371			
-340219.0	25368	0.03425	0.2148	0.020937
-340219.0	25369	0.0295	0.2148	0.020937
-340219.0	25374			
-340219.0	25373			
-340219.0	25372			
-340217.0	25383			
-340217.0	25380			
-340217.0	25379	0.04475	0.2148	0.020937
-340217.0	25377	0.05425	0.2148	0.020937
-340217.0	25382			
-340217.0	25376	0.04	0.2148	0.020937
-340217.0	25375	0.059	0.2148	0.020937
-340217.0	25381			
-340217.0	25378	0.0495	0.2148	0.020937
-340215.0	25388	0.04475	0.2218	0.024532
-340215.0	25389			
-340215.0	25385	0.04	0.2218	0.024532
-340215.0	25384	0.059	0.2218	0.024532
-340215.0	25390			
-340215.0	25392			
-340215.0	25391			
-340215.0	25386	0.05425	0.2218	0.024532
-340215.0	25387	0.0495	0.2218	0.024532
-340213.0	25399			
-340213.0	25397	0.04475	0.2288	0.027198
-340213.0	25398			
-340213.0	25394	0.04	0.2288	0.027198
-340213.0	25395	0.05425	0.2288	0.027198
-340213.0	25396	0.0495	0.2288	0.027198
-340213.0	25393	0.059	0.2288	0.027198
-340213.0	25400			
-340213.0	25401			
-340211.0	25405	0.0495	0.2358	0.029044
-340211.0	25404	0.05425	0.2358	0.029044
-340211.0	25402	0.059	0.2358	0.029044
-340211.0	25403	0.04	0.2358	0.029044
-340211.0	25410			
-340211.0	25409			
-340211.0	25407			
-340211.0	25408			
-340211.0	25406	0.04475	0.2358	0.029044
-340209.0	25411	0.059	0.2428	0.030136
-340209.0	25418			
-340209.0	25417			
-340209.0	25416			
-340209.0	25415	0.04475	0.2428	0.030136
-340209.0	25414	0.0495	0.2428	0.030136
-340209.0	25413	0.05425	0.2428	0.030136
-340209.0	25412	0.04	0.2428	0.030136
-340209.0	25419			
-340207.0	25427			
-340207.0	25425			
-340207.0	25426			
-340207.0	25424	0.04475	0.2498	0.030509
-340207.0	25423	0.0495	0.2498	0.030509
-340207.0	25422	0.05425	0.2498	0.030509
-340207.0	25420	0.059	0.2498	0.030509
-340207.0	25428			
-340207.0	25421	0.04	0.2498	0.030509
-340205.0	25433	0.04475	0.2568	0.030176
-340205.0	25437			
-340205.0	25431	0.05425	0.2568	0.030176
-340205.0	25430	0.04	0.2568	0.030176
-340205.0	25429	0.059	0.2568	0.030176
-340205.0	25432	0.0495	0.2568	0.030176
-340205.0	25435			
-340205.0	25434			
-340205.0	25436			
-340203.0	25441	0.0495	0.2638	0.029125
-340203.0	25440	0.05425	0.2638	0.029125
-340203.0	25439	0.04	0.2638	0.029125
-340203.0	25438	0.059	0.2638	0.029125
-340203.0	25443			
-340203.0	25445			
-340203.0	25446			
-340203.0	25444			
-340203.0	25442	0.04475	0.2638	0.029125
-340201.0	25447	0.059	0.2708	0.027323
-340201.0	25450	0.0495	0.2708	0.027323
-340201.0	25449	0.05425	0.2708	0.027323
-340201.0	25453			
-340201.0	25451	0.04475	0.2708	0.027323
-340201.0	25455			
-340201.0	25454			
-340201.0	25452			
-340201.0	25448	0.04	0.2708	0.027323
-340199.0	25456	0.039	0.2708	0.027323
-340199.0	25457	0.02	0.2708	0.027323
-340199.0	25459	0.0295	0.2708	0.027323
-340199.0	25460	0.02475	0.2708	0.027323
-340199.0	25462			
-340199.0	25461			
-340199.0	25464			
-340199.0	25463			
-340199.0	25458	0.03425	0.2708	0.027323
-340197.0	25465	0.019	0.2708	0.027323
-340197.0	25469	0.00475	0.2708	0.027323
-340197.0	25467	0.01425	0.2708	0.027323
-340197.0	25466	0.0	0.2708	0.027323
-340197.0	25470			
-340197.0	25473			
-340197.0	25472			
-340197.0	25471			
-340197.0	25468	0.0095	0.2708	0.027323
-340195.0	25474	0.059	0.2778	0.024705
-340195.0	25480			
-340195.0	25481			
-340195.0	25478	0.04475	0.2778	0.024705
-340195.0	25479			
-340195.0	25482			
-340195.0	25476	0.05425	0.2778	0.024705
-340195.0	25477	0.0495	0.2778	0.024705
-340195.0	25475	0.04	0.2778	0.024705
-340193.0	25490			
-340193.0	25486	0.0295	0.2778	0.024705
-340193.0	25487	0.02475	0.2778	0.024705
-340193.0	25488			
-340193.0	25491			
-340193.0	25489			
-340193.0	25484	0.02	0.2778	0.024705
-340193.0	25485	0.03425	0.2778	0.024705
-340193.0	25483	0.039	0.2778	0.024705
-340191.0	25496	0.00475	0.2778	0.024705
-340191.0	25494	0.01425	0.2778	0.024705
-340191.0	25493	0.0	0.2778	0.024705
-340191.0	25498			
-340191.0	25497			
-340191.0	25499			
-340191.0	25495	0.0095	0.2778	0.024705
-340191.0	25500			
-340191.0	25492	0.019	0.2778	0.024705
-340189.0	25506			
-340189.0	25502	0.0	0.2848	0.021166
-340189.0	25507			
-340189.0	25505	0.00475	0.2848	0.021166
-340189.0	25503	0.01425	0.2848	0.021166
-340189.0	25504	0.0095	0.2848	0.021166
-340189.0	25508			
-340189.0	25509			
-340189.0	25501	0.019	0.2848	0.021166
-340187.0	25517			
-340187.0	25510	0.019	0.2918	0.016529
-340187.0	25514	0.00475	0.2918	0.016529
-340187.0	25513	0.0095	0.2918	0.016529
-340187.0	25512	0.01425	0.2918	0.016529
-340187.0	25511	0.0	0.2918	0.016529
-340187.0	25515			
-340187.0	25518			
-340187.0	25516			
-340185.0	25519	0.039	0.2918	0.016529
-340185.0	25523	0.02475	0.2918	0.016529
-340185.0	25521	0.03425	0.2918	0.016529
-340185.0	25522	0.0295	0.2918	0.016529
-340185.0	25520	0.02	0.2918	0.016529
-340185.0	25527			
-340185.0	25525			
-340185.0	25526			
-340185.0	25524			
-340183.0	25533			
-340183.0	25529	0.02	0.2848	0.021166
-340183.0	25528	0.039	0.2848	0.021166
-340183.0	25532	0.02475	0.2848	0.021166
-340183.0	25530	0.03425	0.2848	0.021166
-340183.0	25534			
-340183.0	25535			
-340183.0	25531	0.0295	0.2848	0.021166
-340183.0	25536			
-340181.0	25537	0.059	0.2848	0.021166
-340181.0	25539	0.05425	0.2848	0.021166
-340181.0	25544			
-340181.0	25545			
-340181.0	25542			
-340181.0	25541	0.04475	0.2848	0.021166
-340181.0	25543			
-340181.0	25538	0.04	0.2848	0.021166
-340181.0	25540	0.0495	0.2848	0.021166
-340179.0	25549	0.0495	0.2918	0.016529
-340179.0	25548	0.05425	0.2918	0.016529
-340179.0	25553			
-340179.0	25551			
-340179.0	25550	0.04475	0.2918	0.016529
-340179.0	25554			
-340179.0	25552			
-340179.0	25547	0.04	0.2918	0.016529
-340179.0	25546	0.059	0.2918	0.016529
-340177.0	25555	0.059	0.29899	0.010367
-340177.0	25556	0.04	0.29899	0.010367
-340177.0	25563			
-340177.0	25562			
-340177.0	25561			
-340177.0	25560			
-340177.0	25559	0.04475	0.29899	0.010367
-340177.0	25557	0.05425	0.29899	0.010367
-340177.0	25558	0.0495	0.29899	0.010367
-340175.0	25569			
-340175.0	25572			
-340175.0	25571			
-340175.0	25568	0.02475	0.29899	0.010367
-340175.0	25567	0.0295	0.29899	0.010367
-340175.0	25564	0.039	0.29899	0.010367
-340175.0	25566	0.03425	0.29899	0.010367
-340175.0	25570			
-340175.0	25565	0.02	0.29899	0.010367
-340173.0	25577	0.00475	0.29899	0.010367
-340173.0	25578			
-340173.0	25576	0.0095	0.29899	0.010367
-340173.0	25575	0.01425	0.29899	0.010367
-340173.0	25573	0.019	0.29899	0.010367
-340173.0	25574	0.0	0.29899	0.010367
-340173.0	25579			
-340173.0	25580			
-340173.0	25581			
